1592192	512	358144	768	0	0	0	1
1592212	512	358144	768	0	0	223	1
1592252	512	358144	768	0	0	446	1
1592313	512	358144	768	0	0	669	1
1592394	512	358144	768	0	0	892	1
1592496	512	358144	768	0	0	1115	1
1592618	512	358144	768	0	0	1338	1
1592761	512	358144	768	0	0	1561	1
1592924	512	358144	768	0	0	1784	1
1593107	512	358144	768	0	0	2007	1
1593311	512	358144	768	0	0	2230	1
1593535	512	358144	768	0	0	2453	1
1593780	512	358144	768	0	0	2676	1
1594045	512	358144	768	0	0	2899	1
1594331	512	358144	768	0	0	3122	1
1594637	512	358144	768	0	0	3345	1
1594964	512	358144	768	0	0	3568	1
1595311	512	358144	768	0	0	3791	1
1595678	512	358144	768	0	0	4014	1
1596066	512	358144	768	0	0	4237	1
1596474	512	358144	768	0	0	4459	1
1596903	512	358144	768	0	0	4681	1
1597352	512	358144	768	0	0	4903	1
1597821	512	358144	768	0	0	5125	1
1598311	512	358144	768	0	0	5347	1
1598821	512	358144	768	0	0	5569	1
1599351	512	358144	768	0	0	5791	1
1599892	512	358144	768	0	0	5908	1
1600444	512	358144	768	0	0	6025	1
1601007	512	358144	768	0	0	6145	1
1601581	512	358144	768	0	0	6264	1
1602166	512	358144	768	0	0	6383	1
1602762	512	358144	768	0	0	6502	1
1603368	512	358144	768	0	0	6621	1
1603985	512	358144	768	0	0	6740	1
1604613	512	358144	768	0	0	6859	1
1605252	512	358144	768	0	0	6981	1
1605903	512	358144	768	0	0	7103	1
1606565	512	358144	768	0	0	7225	1
1607238	512	358144	768	0	0	7347	1
1607922	512	358144	768	0	0	7469	1
1608618	512	358144	768	0	0	7593	1
1609325	512	358144	768	0	0	7717	1
1610044	512	358144	768	0	0	7844	1
1610773	512	358148	769	0	0	7971	1
1611513	512	358161	770	0	0	8100	1
1612264	512	358180	771	0	0	8229	1
1613027	512	358209	772	0	0	8358	1
1613802	512	358246	774	0	0	8489	1
1614589	512	358286	775	0	0	8620	1
1615388	512	358323	776	0	0	8759	1
1616201	512	358361	776	0	0	8898	1
1617025	512	358405	776	0	0	9042	1
1617863	512	358452	777	0	0	9186	1
1618713	512	358511	778	0	0	9333	1
1619576	512	358578	779	0	0	9479	1
1620452	512	358657	781	0	0	9631	1
1621341	512	358751	783	0	0	9783	1
1622244	512	358849	784	0	0	9940	1
1623159	512	358960	786	0	0	10097	1
1624088	512	359087	788	0	0	10256	1
1625028	512	359234	791	0	0	10420	1
1625980	512	359404	794	0	0	10584	1
1626942	512	359600	798	0	0	10751	1
1627916	512	359814	801	0	0	10918	1
1628903	512	360040	803	0	0	11087	1
1629905	512	360273	804	0	0	11256	1
1630926	512	360501	804	0	0	11433	1
1631960	512	360739	804	0	0	11612	1
1633009	512	360983	805	0	0	11791	1
1634071	512	361244	806	0	0	11973	1
1635147	512	361519	808	0	0	12155	1
1636234	512	361819	810	0	0	12337	1
1637332	512	362140	813	0	0	12518	1
1638438	512	362490	816	0	0	12694	1
1639551	512	362868	819	0	0	12870	1
1640669	512	363279	823	0	0	13046	1
1641791	512	363727	827	0	0	13222	1
1642913	512	364211	831	0	0	13390	1
1644036	512	364732	836	0	0	13553	1
1645159	512	365288	840	0	0	13716	1
1646286	512	365868	844	0	0	13871	1
1647415	512	366475	847	0	0	14026	1
1648541	512	367112	851	0	0	14168	1
1649661	512	367787	855	0	0	14310	1
1650769	512	368503	859	0	0	14439	1
1651867	512	369256	864	0	0	14567	1
1652947	512	370051	869	0	0	14683	1
1654007	512	370889	874	0	0	14799	1
1655054	512	371759	879	0	0	14902	1
1656090	512	372658	883	0	0	15005	1
1657104	512	373594	888	0	0	15108	1
1658092	512	374570	893	0	0	15198	1
1659052	512	375585	898	0	0	15288	1
1659999	512	376618	902	0	0	15328	1
1660922	512	377675	905	0	0	15355	1
1661817	512	378747	909	0	0	15279	2
1662686	512	379833	912	0	0	15219	2
1663519	512	380944	917	0	0	15207	2
1664314	512	382081	922	0	0	15195	2
1665093	512	383233	925	0	0	15213	2
1665848	512	384404	929	0	0	15259	2
1666577	512	385597	933	0	0	15295	2
1667277	512	386809	937	0	0	15325	2
1667953	512	388040	940	0	0	15369	2
1668592	512	389301	945	0	0	15474	2
1669204	512	390587	949	0	0	15579	2
1669793	615	391872	953	8	16	15684	2
1670355	943	393137	955	28	15	15789	2
1670903	1338	394401	957	43	16	15837	2
1671422	1780	395671	959	52	15	15875	2
1671915	2251	396948	963	55	19	15902	2
1672367	2771	398221	967	61	22	15918	2
1672782	3307	399507	971	61	20	15925	2
1673166	3855	400798	975	62	18	15925	2
1673516	4419	402093	979	64	20	15939	2
1673840	4997	403391	983	66	16	15968	2
1674106	5578	404709	989	67	14	16057	2
1674333	6170	406039	994	67	12	16145	2
1674534	6764	407383	998	67	10	16233	2
1674712	7360	408738	1001	67	9	16321	2
1674875	7959	410102	1004	67	8	16411	2
1675023	8561	411476	1006	67	7	16500	2
1675174	9166	412858	1006	67	7	16589	2
1675321	9774	414248	1006	67	7	16678	2
1675464	10385	415645	1007	67	6	16767	2
1675594	10999	417051	1008	67	6	16861	2
1675711	11617	418467	1010	67	5	16955	2
1675807	12253	419885	1013	66	6	17049	2
1675887	12869	421323	1014	66	6	17143	2
1675973	13491	422769	1014	66	6	17239	2
1676059	14147	424209	1014	69	6	17335	2
1676146	14801	425660	1014	69	6	17431	2
1676233	15458	427119	1014	69	6	17526	2
1676316	16119	428586	1014	69	6	17621	2
1676394	16778	430060	1015	69	5	17717	2
1676458	17440	431543	1016	69	4	17813	2
1676508	18111	433035	1018	69	3	17909	2
1676550	18775	434535	1019	68	3	18005	2
1676585	19436	436049	1020	68	2	18101	2
1676614	20103	437571	1020	68	3	18198	2
1676638	20774	439100	1021	68	2	18295	2
1676648	21443	440637	1023	67	0	18392	2
1676634	22117	442186	1	67	0	18489	2
1676612	22795	443744	2	67	0	18585	2
1676574	23477	445310	3	67	0	18681	2
1676520	24162	446884	5	67	0	18777	2
1676442	24851	448465	8	67	0	18873	2
1676344	25543	450052	10	67	0	18966	2
1676243	26239	451648	10	67	0	19059	2
1676143	26932	453237	10	67	0	18988	3
1676043	27622	454821	10	67	0	18917	3
1675943	28310	456399	10	67	0	18846	3
1675844	28985	457971	10	66	0	18775	3
1675742	29654	459533	10	63	-3	18704	3
1675642	30256	461109	10	61	-3	18633	3
1675542	30823	462698	10	59	-3	18696	3
1675441	31354	464298	10	57	-3	18741	3
1675339	31847	465905	10	55	-3	18741	3
1675237	32302	467520	10	52	-3	18741	3
1675134	32709	469145	10	49	-3	18741	3
1675031	33068	470779	10	46	-3	18741	3
1674927	33379	472422	10	42	-3	18741	3
1674823	33631	474077	10	38	-3	18741	3
1674718	33824	475742	10	34	-3	18741	3
1674612	33958	477416	10	30	-3	18741	3
1674506	34033	479098	10	25	-3	18741	3
1674399	34038	480789	10	20	-3	18741	3
1674292	33973	482487	10	15	-3	18741	3
1674185	33837	484191	10	10	-3	18741	3
1674077	33631	485899	10	4	-3	18741	3
1673969	33344	487610	10	-2	-3	18741	3
1673861	32975	489321	10	-8	-3	18741	3
1673753	32525	491030	10	-15	-3	18741	3
1673646	31984	492734	10	-22	-3	18741	3
1673539	31351	494430	10	-29	-3	18741	3
1673433	30628	496114	10	-36	-3	18741	3
1673319	30090	497911	10	-20	0	18741	3
1673170	29809	500291	10	-5	0	25857	3
1673022	29716	502660	10	-5	0	25936	3
1672873	29604	505036	10	-6	0	26011	3
1672723	29665	507432	10	-4	0	26083	3
1672579	29586	509821	10	-4	0	26156	3
1672443	29489	512217	9	-4	0	26228	3
1672308	29495	514621	9	-9	0	26300	3
1672172	29386	517029	9	-6	0	26372	3
1672036	29344	519446	9	-3	0	26446	3
1671899	29352	521869	9	0	0	26519	3
1671763	29352	524301	9	0	0	26591	3
1671627	29352	526740	9	0	0	26662	3
1671497	29352	529185	8	0	0	26732	3
1671389	29352	531637	7	0	0	26802	3
1671304	29352	534096	5	0	0	26872	3
1671249	29352	536562	3	0	0	26942	3
1671231	29352	539036	1	0	0	27012	3
1671252	29352	541516	1022	0	0	27082	3
1671303	29352	543999	1020	0	0	27128	3
1671385	29352	546485	1018	0	0	27170	3
1671497	29352	548973	1016	0	0	27204	3
1671640	29352	551463	1014	0	0	27246	3
1671822	29352	553957	1011	0	0	27312	3
1672042	29352	556454	1009	0	0	27378	3
1672272	29352	558957	1009	0	0	27444	3
1672502	29352	561466	1009	0	0	27510	3
1672733	29352	563981	1009	0	0	27576	3
1672964	29352	566502	1009	0	0	27642	3
1673196	29352	569029	1009	0	0	27708	3
1673428	29352	571562	1009	0	0	27773	3
1673661	29352	574101	1009	0	0	27836	3
1673895	29352	576646	1009	0	0	27899	3
1674129	29352	579197	1009	0	0	27962	3
1674364	29352	581753	1009	0	0	28025	3
1674599	29352	584315	1009	0	0	28088	3
1674842	29352	586882	1008	0	0	28151	3
1674792	29830	589455	9	39	-49	28214	3
1674579	30577	591990	1023	28	-73	28168	4
1674613	30996	594522	1021	28	-73	28092	4
1674670	31392	597046	1020	27	-73	28006	4
1674742	31753	599564	1019	26	-73	27912	4
1674823	32077	602085	1018	25	-73	27916	4
1674913	32364	604609	1018	23	-73	27916	4
1675004	32602	607137	1018	21	-73	27916	4
1675095	32791	609670	1018	18	-73	27916	4
1675186	32915	612208	1018	15	-73	27916	4
1675277	32975	614751	1018	12	-73	27916	4
1675368	32970	617298	1018	9	-73	27916	4
1675459	32900	619848	1018	6	-73	27916	4
1675556	32768	622399	1018	3	-73	27916	4
1675664	32576	625207	1018	0	-73	30703	4
1675772	32315	628019	1018	-4	-73	30734	4
1675848	32127	630884	1018	0	-96	30778	4
1675935	32023	633702	1019	2	-111	30806	4
1676011	32008	636521	1016	6	-113	30829	4
1676160	32095	639338	1015	7	-113	30848	4
1676321	32220	642155	1013	6	-118	30862	4
1676487	32332	644971	1015	9	-129	30869	4
1676637	32464	647790	1015	10	-135	30887	4
1676789	32603	650609	1015	11	-142	30912	4
1676902	32791	653430	1017	14	-148	30955	4
1677004	33000	656256	1018	16	-151	30997	4
1677100	33222	659083	1018	16	-154	31038	4
1677158	33453	661912	1017	15	-152	31079	4
1677260	33665	664748	1018	13	-152	31120	4
1677345	33824	667591	1019	11	-152	31161	4
1677412	33930	670441	1020	8	-152	31203	4
1677462	33966	673298	1021	5	-152	31245	4
1677495	33932	676162	1022	2	-152	31288	4
1677528	33827	679027	1022	0	-152	31288	4
1677561	33669	681892	1022	-4	-152	31288	4
1677594	33422	684756	1022	-8	-152	31288	4
1677627	33087	687618	1022	-12	-152	31288	4
1677660	32664	690476	1022	-16	-152	31288	4
1677693	32152	693327	1022	-20	-152	31288	5
1677725	31552	696171	1022	-25	-152	31288	5
1677757	30847	699003	1022	-30	-152	31288	5
1677746	30220	701878	1	-20	-129	31288	5
1677699	29916	705057	0	-15	-72	34548	5
1677656	29728	708231	1	-8	-25	34494	5
1677640	29622	711415	1023	-8	-25	34522	5
1677638	29490	714576	0	-4	-18	34539	5
1677619	29492	717741	1	-3	-25	34556	5
1677587	29466	720907	2	-2	-16	34572	5
1677526	29415	724073	4	0	-11	34588	5
1677462	29429	727241	3	-4	-13	34603	5
1677421	29375	730417	2	0	-6	34618	5
1677399	29360	733589	1	0	-4	34635	5
1677397	29339	736765	0	0	0	34651	5
1677397	29339	739942	0	0	0	34667	5
1677397	29339	743121	0	0	0	34683	5
1677397	29339	746301	0	0	0	34699	5
1677397	29339	749483	0	0	0	34715	5
1677397	29339	752666	0	0	0	34731	5
1677397	29339	755851	0	0	0	34747	5
1677397	29339	759037	0	0	0	34763	5
1677397	29339	762225	0	0	0	34779	5
1677397	29339	765414	0	0	0	34795	5
1677397	29339	768605	0	0	0	34811	5
1677397	29339	771797	0	0	0	34827	5
1677397	29339	774990	0	0	0	34842	5
1677397	29339	778185	0	0	0	34857	5
1677387	29339	781381	1	0	0	34872	5
1677356	29339	784577	2	0	0	34887	5
1677335	29339	787775	1	0	0	34902	5
1677335	29339	790975	0	0	0	34917	5
1677335	29339	794177	0	0	0	34932	5
1677335	29339	797380	0	0	0	34947	5
1677335	29339	800584	0	0	0	34962	5
1677335	29339	803790	0	0	0	34977	5
1677335	29339	806997	0	0	0	34992	5
1677335	29339	810205	0	0	0	35007	5
1677325	29339	813415	1	0	0	35022	5
1677294	29339	816625	2	0	0	35037	5
1677273	29339	819837	1	0	0	35052	5
1677273	29339	823051	0	0	0	35067	5
1677273	29339	826266	0	0	0	35082	5
1677273	29339	829483	0	0	0	35097	5
1677273	29339	832701	0	0	0	35112	5
1677273	29339	835920	0	0	0	35127	5
1677263	29339	839141	1	0	0	35142	5
1677232	29339	842362	2	0	0	35157	5
1677171	29339	845583	4	0	0	35172	5
1677110	29339	848806	3	0	0	35187	5
1677069	29328	852022	2	0	0	35113	6
1677048	29299	855232	1	0	0	35039	6
1677048	29252	858437	0	0	0	34965	6
1677048	29187	861642	0	-2	0	34965	6
1677048	29063	864844	0	-4	0	34965	6
1677048	28882	868046	0	-6	0	34965	6
1677048	28644	871246	0	-8	0	34965	6
1677048	28348	874445	0	-11	0	34965	6
1677048	27975	877640	0	-14	0	34965	6
1677048	27525	880831	0	-17	0	34965	6
1677048	26999	884016	0	-20	0	34965	6
1677048	26396	887194	0	-23	0	34965	6
1677048	25717	890365	0	-27	0	34965	6
1677048	24942	893524	0	-31	0	34965	6
1677048	24071	896669	0	-35	0	34965	6
1677048	23105	899798	0	-39	0	34965	6
1677048	22045	902909	0	-44	0	34965	6
1677048	20872	905995	0	-49	0	34965	6
1677048	19586	909054	0	-54	0	34965	6
1677048	18189	912082	0	-59	0	34965	6
1677048	16681	915077	0	-65	0	34965	6
1677048	15046	918028	0	-70	0	34965	6
1677048	13303	920939	0	-76	0	34965	6
1677048	11436	923799	0	-82	0	34965	6
1677048	9446	926604	0	-88	0	34965	6
1677048	7575	929418	0	-74	0	34965	6
1677048	7340	932352	0	58	0	34965	6
1677048	9026	935904	0	58	0	42831	6
1677048	10451	939559	0	53	0	42831	6
1677048	11930	943191	0	57	0	42831	6
1677048	13414	946819	0	69	0	42831	6
1677048	15024	950396	0	69	0	42831	6
1677048	16624	953973	0	68	0	42831	6
1677048	18212	957560	0	68	0	42831	6
1677048	19790	961147	0	67	0	42831	6
1677048	21357	964743	0	67	0	42831	6
1677048	22923	968339	0	67	0	42831	6
1677048	24489	971935	0	67	0	42831	6
1677048	26055	975531	0	67	0	42831	6
1677048	27621	979127	0	67	0	42831	6
1677048	29177	982723	0	66	0	42831	6
1677048	30693	986329	0	65	0	42831	6
1677048	32169	989944	0	64	0	42831	6
1677048	33605	993569	0	62	0	42831	6
1677048	34978	997212	0	60	0	42831	6
1677048	36289	1000872	0	58	0	42831	6
1677048	37536	1004549	0	56	0	42831	6
1677048	38720	1008243	0	53	0	42831	6
1677048	39818	1011961	0	51	0	42831	6
1677048	40852	1015694	0	48	0	42831	6
1677048	41799	1019449	0	45	0	42831	6
1677048	42659	1023224	0	42	0	42831	6
1677048	43431	1027018	0	38	0	42831	6
1677048	44092	1030835	0	34	0	42831	6
1677048	44641	1034673	0	30	0	42831	6
1677048	45077	1038530	0	25	0	42831	6
1677048	45377	1042407	0	20	0	42831	6
1677048	45539	1046301	0	15	0	42831	6
1677048	45563	1050208	0	10	0	42831	6
1677048	45449	1054124	0	4	0	42831	6
1677048	45173	1058046	0	-2	0	42831	6
1677048	44734	1061969	0	-8	0	42831	6
1677048	44133	1065888	0	-14	0	42831	6
1677048	43370	1069797	0	-20	0	42831	6
1677048	42445	1073691	0	-27	0	42831	6
1677048	41335	1077561	0	-34	0	42831	6
1677048	40041	1081399	0	-41	0	42831	6
1677048	38565	1085199	0	-48	0	42831	6
1677048	36909	1088954	0	-55	0	42831	6
1677048	35075	1092656	0	-62	0	42831	6
1677048	33065	1096299	0	-69	0	42831	6
1677048	30882	1099876	0	-77	0	42831	6
1677048	28507	1103369	0	-84	0	42831	6
1677048	27092	1106892	0	4	0	42831	6
1677035	28202	1110614	1	64	0	42831	6
1676990	30095	1115044	3	58	0	52643	6
1676889	31745	1119562	4	57	0	52643	6
1676775	33350	1124091	4	56	0	52643	6
1676661	34909	1128630	4	55	0	52643	6
1676547	36422	1133179	4	53	0	52643	6
1676432	37861	1137747	4	51	0	52643	6
1676317	39226	1142334	4	49	0	52643	6
1676201	40516	1146939	4	46	0	52643	6
1676085	41703	1151569	4	44	0	52643	6
1675968	42815	1156215	4	41	0	52643	6
1675851	43823	1160884	4	38	0	52643	6
1675733	44727	1165575	4	34	0	52643	6
1675614	45498	1170292	4	30	0	52643	6
1675495	46135	1175031	4	26	0	52643	6
1675376	46637	1179791	4	22	0	52643	6
1675256	47004	1184568	4	18	0	52643	6
1675136	47235	1189360	4	13	0	52643	6
1675015	47301	1194166	4	8	0	52643	6
1674894	47201	1198981	4	3	0	52643	6
1674773	46935	1203801	4	-3	0	52643	6
1674652	46474	1208621	4	-9	0	52643	6
1673578	44704	1213451	0	-2	85	52643	6
1673652	44404	1218720	1021	0	48	57491	6
1673726	44226	1223981	1018	0	59	57455	6
1673879	43946	1229236	1015	-2	67	57419	6
1674145	43835	1234483	1015	-2	74	57381	6
1674403	43711	1239727	1016	-3	83	57341	6
1674649	43603	1244969	1017	-4	84	57299	6
1674829	43495	1250210	1020	-2	84	57257	6
1674912	43451	1255450	1023	0	84	57213	6
1674940	43445	1260669	1023	0	84	56975	6
1674927	43462	1265867	3	3	84	56733	6
1674848	43485	1271042	0	0	86	56491	6
1674805	43507	1276214	3	2	86	56441	6
1674665	43592	1281376	6	4	86	56389	6
1674430	43740	1286529	10	6	86	56335	6
1674114	43875	1291672	10	4	79	56281	6
1673796	43907	1296793	11	3	66	56034	6
1673475	43951	1301891	15	0	63	55784	6
1673088	43895	1306979	16	0	65	55722	6
1672699	43808	1312061	17	0	67	55656	6
1672307	43689	1317136	18	0	68	55586	6
1671883	43552	1322208	19	0	69	55586	6
1671429	43396	1327278	20	0	70	55586	6
1670942	43221	1332345	21	0	71	55586	6
1670424	43027	1337409	22	0	72	55586	6
1669874	42814	1342469	23	0	74	55586	6
1669292	42581	1347526	24	-2	75	55586	6
1668679	42266	1352578	25	-4	76	55586	6
1668035	41870	1357624	26	-6	78	55586	6
1667360	41392	1362663	27	-8	80	55586	6
1666654	40832	1367695	28	-11	82	55586	6
1665917	40158	1372715	29	-14	84	55586	6
1665149	39372	1377721	30	-17	85	55586	6
1664352	38473	1382712	31	-20	86	55586	6
1663527	37463	1387687	32	-23	87	55586	6
1662657	36893	1392644	34	18	0	55586	6
1661756	37630	1397890	34	-10	-68	58803	6
1660848	37213	1403548	36	-13	-88	62624	6
1659854	36707	1409189	38	-17	-107	62624	6
1658771	36073	1414807	39	-22	-124	62624	6
1657636	35270	1420401	41	-27	-139	62624	6
1656416	34294	1425960	42	-32	-153	62624	6
1655147	33144	1431486	44	-38	-165	62624	6
1653800	31779	1436960	45	-44	-176	62624	6
1652387	30382	1442395	48	-35	-170	62624	6
1650940	29740	1447818	46	-22	-125	61530	6
1649687	29589	1453363	48	-15	-53	62128	6
1648528	29507	1458826	49	0	-27	60587	6
1647438	29589	1464386	52	0	-27	61628	6
1646384	29671	1469784	55	0	-28	60067	6
1645300	29760	1475320	58	0	-28	61616	6
1644243	29845	1480713	61	-2	-28	60043	6
1643156	29863	1486250	64	-4	-28	61604	6
1642127	29817	1491649	68	-6	-28	60022	6
1641070	29712	1497190	72	-9	-28	61590	6
1640031	29565	1502596	76	-8	-30	59997	6
1638967	29509	1508134	80	-4	-30	61576	6
1637954	29595	1513571	85	0	-30	60446	6
1636778	29794	1518971	90	3	-30	60446	6
1635440	30071	1524326	95	6	-31	60446	6
1633941	30437	1529629	100	8	-31	60446	6
1632285	30849	1534878	105	10	-32	60446	6
1630471	31318	1540066	110	12	-33	60446	6
1628502	31843	1545188	115	13	-34	60446	6
1626380	32393	1550242	120	15	-35	60446	6
1624110	32999	1555219	125	16	-36	60446	6
1621690	33629	1560118	130	16	-37	60446	6
1619120	34251	1564938	135	16	-38	60446	6
1616403	34866	1569675	140	16	-39	60446	6
1613540	35473	1574324	145	16	-40	60446	6
1610535	36072	1578881	150	16	-41	60446	6
1607390	36663	1583340	155	15	-42	60446	6
1604105	37214	1587701	160	14	-43	60446	6
1600682	37726	1591960	165	13	-44	60446	6
1597125	38198	1596112	170	11	-45	60446	6
1593432	38597	1600156	175	10	-46	60446	6
1589612	38956	1604084	180	8	-47	60446	6
1585665	39243	1607895	185	6	-48	60446	6
1581593	39457	1611584	190	4	-49	60446	6
1577401	39599	1615146	195	0	-50	60446	6
1573087	39604	1618580	200	-3	-51	60446	6
1568660	39503	1621880	205	-6	-51	60446	6
1564127	39288	1625047	210	-10	-51	60446	6
1559493	38924	1628074	215	-14	-51	60446	6
1554765	38412	1630959	220	-18	-51	60446	6
1549950	37753	1633698	225	-22	-51	60446	6
1545057	36946	1636287	229	-27	-51	60446	6
1540110	35958	1638754	234	-31	-51	60446	6
1535100	34823	1641067	239	-36	-51	60446	6
1530038	33509	1643224	244	-41	-51	60446	6
1524934	32016	1645223	249	-46	-51	60446	6
1519798	30346	1647063	254	-52	-50	60446	6
1514651	28456	1648748	259	-58	-49	60446	6
1509467	28561	1650418	254	67	-2	60156	6
1504848	30585	1652283	256	67	-3	58741	6
1499953	32718	1654269	258	67	-4	62334	6
1495039	34844	1656194	260	66	-4	62334	6
1490087	36922	1658059	262	65	-5	62334	6
1485104	38964	1659862	264	64	-6	62334	6
1480092	40968	1661603	266	62	-7	62334	6
1475202	43366	1663267	268	62	-77	62334	6
1470497	46272	1664743	265	64	-63	62340	6
1465838	48957	1666361	266	63	-62	61429	6
1461066	51646	1668018	267	62	-61	62666	6
1456263	54277	1669648	268	61	-60	62666	6
1451429	56850	1671252	269	60	-59	62666	6
1446564	59366	1672829	270	58	-58	62666	6
1441653	61793	1674377	271	56	-57	62666	6
1436698	64133	1675897	272	54	-56	62666	6
1431699	66385	1677388	273	52	-55	62666	6
1426658	68547	1678849	274	49	-54	62666	6
1421562	70590	1680278	275	46	-53	62666	6
1416413	72512	1681674	276	43	-52	62666	6
1411214	74313	1683038	277	40	-51	62666	6
1405966	75992	1684369	278	36	-50	62666	6
1400663	77517	1685665	279	32	-49	62666	6
1395306	78887	1686926	280	28	-48	62666	6
1389901	80100	1688153	281	23	-47	62666	6
1384443	81125	1689343	282	18	-46	62666	6
1378937	81959	1690496	283	13	-45	62666	6
1373389	82601	1691613	284	8	-44	62666	6
1367805	83050	1692695	285	3	-42	62666	6
1362192	83293	1693745	286	-3	-41	62666	6
1356553	83309	1694760	287	-9	-39	62666	6
1350896	83085	1695744	288	-15	-38	62666	6
1345229	82633	1696697	289	-22	-36	62666	6
1339564	81906	1697622	290	-28	-34	62666	6
1333909	80941	1698521	291	-34	-33	62666	6
1328272	79749	1699394	292	-41	-31	62666	6
1322668	78286	1700246	293	-48	-30	62666	6
1317106	76568	1701077	294	-55	-28	62666	6
1311601	74585	1701894	295	-62	-27	62666	6
1306160	72351	1702696	296	-69	-25	62666	6
1300797	69859	1703489	297	-77	-23	62666	6
1295536	67084	1704280	298	-84	-22	62666	6
1290369	64070	1705067	299	-91	-20	62666	6
1285313	60814	1705857	300	-98	-18	62666	6
1280378	57320	1706654	301	-105	-16	62666	6
1275574	53595	1707461	302	-112	-15	62666	6
1270901	49657	1708280	304	-119	-13	62666	6
1266372	45502	1709090	305	-126	-11	62666	6
1261999	41138	1709924	307	-133	-9	62666	6
1257786	36573	1710761	309	-140	-6	62666	6
1253748	31807	1711611	311	-146	-4	62666	6
1249813	27146	1712450	313	-136	21	62666	6
1245274	24789	1714254	228	-11	67	62238	6
1240651	23795	1717146	234	-18	70	60773	6
1235972	22340	1719891	240	-22	71	61628	6
1231366	21020	1722590	238	-9	65	60082	6
1226672	19818	1725397	239	-6	70	61616	6
1222075	18610	1728171	243	-6	67	60051	6
1217372	17368	1730976	246	-5	67	61604	6
1212793	16139	1733737	249	-4	67	60024	6
1208111	14903	1736607	252	-3	60	61590	6
1203552	13752	1739459	256	0	61	59996	6
1198861	12582	1742374	260	0	61	61576	6
1194314	11374	1745231	265	2	61	59962	6
1189638	10119	1748154	269	3	61	61560	6
1185104	8854	1751016	274	4	61	59927	6
1180484	7685	1754027	276	20	61	61542	6
1176093	7463	1757250	265	69	54	59888	6
1171740	7883	1760804	271	70	52	61520	6
1167524	8221	1764283	278	71	49	59797	6
1163192	8540	1767869	286	73	48	61498	6
1158968	8818	1771342	295	75	44	59750	6
1154620	9112	1774909	304	78	42	61472	6
1150410	9418	1778388	313	83	32	59694	6
1146135	9832	1782027	323	85	28	61444	6
1141998	10178	1785576	335	86	23	59630	6
1137712	10489	1789208	347	87	18	61420	6
1133535	10745	1792708	358	87	13	59592	6
1129250	10966	1796342	371	89	10	61392	6
1125086	11173	1799858	385	88	-4	59530	6
1120858	11521	1803547	399	88	-11	61354	6
1116777	11817	1807142	414	87	-18	59452	6
1112580	12068	1810866	430	85	-25	61314	6
1108522	12244	1814483	447	82	-33	59369	6
1104148	12549	1818052	455	80	-36	61740	6
1099798	12904	1821423	458	80	-40	60234	6
1095345	13356	1824871	459	81	-42	61740	6
1095344	13312	1824870	459	82	-37	0	6
1093789	16029	1820158	462	81	-38	61702	6
1092353	18649	1815521	465	80	-39	60161	6
1090967	21311	1810725	468	80	-42	61708	6
1089705	23885	1806049	471	79	-44	60174	6
1088499	26573	1801235	474	84	-45	61716	6
1087402	29275	1796555	476	83	-46	60195	6
1086324	32020	1791687	478	82	-47	62218	6
1085287	34720	1786796	478	81	-47	62218	6
1084246	37373	1781889	478	80	-47	62218	6
1083202	39976	1776966	478	79	-47	62218	6
1082154	42530	1772027	478	77	-47	62218	6
1081100	45004	1767056	478	75	-47	62218	6
1080039	47397	1762054	478	72	-47	62218	6
1078969	49678	1757007	478	69	-47	62218	6
1077890	51845	1751918	478	66	-47	62218	6
1076802	53898	1746787	478	63	-47	62218	6
1075705	55837	1741617	478	60	-47	62218	6
1074600	57660	1736409	478	56	-47	62218	6
1073485	59334	1731153	478	52	-47	62218	6
1072361	60857	1725853	478	48	-47	62218	6
1071228	62229	1720511	478	44	-47	62218	6
1070087	63449	1715131	478	39	-47	62218	6
1068937	64481	1709708	478	34	-47	62218	6
1067779	65325	1704247	478	29	-47	62218	6
1066614	65979	1698753	478	23	-47	62218	6
1065442	66408	1693226	478	17	-47	62218	6
1064265	66610	1687674	478	11	-47	62218	6
1063084	66585	1682105	478	4	-47	62218	6
1061901	66297	1676524	478	-3	-47	62218	6
1060717	65746	1670943	478	-10	-47	62218	6
1059536	64933	1665372	478	-17	-47	62218	6
1058359	63858	1659820	478	-24	-47	62218	6
1057188	62522	1654298	478	-31	-47	62218	6
1056026	60926	1648817	478	-39	-47	62218	6
1054876	59039	1643395	478	-46	-47	62218	6
1053739	56897	1638033	478	-54	-47	62218	6
1052620	54470	1632754	478	-62	-47	62218	6
1051521	51763	1627571	478	-70	-47	62218	6
1050445	48781	1622496	478	-78	-47	62218	6
1049394	45529	1617541	478	-86	-47	62218	6
1048371	42014	1612719	478	-94	-47	62218	6
1047379	38242	1608040	478	-102	-47	62218	6
1046419	34222	1603515	478	-110	-47	62218	6
1045494	29961	1599156	478	-118	-47	62218	6
1044607	25468	1594973	478	-125	-47	62218	6
1043754	20777	1590953	478	-132	-47	62218	6
1042937	15895	1587103	478	-139	-47	62218	6
1042157	10830	1583430	478	-146	-47	62218	6
1041416	5590	1579941	478	-153	-47	62218	6
1040646	1302	1576223	480	-61	-23	62218	6
1039399	1635	1570829	456	62	16	62154	6
1037700	3864	1565924	455	61	18	61590	6
1035994	5919	1560948	454	61	18	61670	6
1034336	7992	1556124	454	55	20	60108	6
1032711	9924	1551357	451	62	27	58836	6
1030994	12062	1546411	450	62	27	61662	6
1029327	14186	1541626	449	67	25	60089	6
1027667	16470	1536734	447	66	26	61656	6
1026052	18657	1531957	445	65	27	60073	6
1024394	20863	1527045	443	63	28	61646	6
1022775	22942	1522238	441	61	28	60056	6
1021107	25005	1517283	439	59	29	61638	6
1019478	27048	1512439	437	58	30	60041	6
1017838	29114	1507447	434	57	31	61628	6
1016225	31116	1502527	431	56	32	60661	6
1014516	33074	1497628	428	54	33	60661	6
1012705	34955	1492742	425	52	34	60661	6
1010793	36760	1487872	422	49	35	60661	6
1008773	38458	1483012	419	46	36	60661	6
1006647	40045	1478164	416	43	37	60661	6
1004415	41522	1473332	413	40	38	60661	6
1002077	42889	1468520	410	36	39	60661	6
999630	44113	1463725	407	32	40	60661	6
997075	45193	1458950	404	28	41	60661	6
994414	46129	1454202	401	24	42	60661	6
991648	46920	1449484	398	20	42	60661	6
988782	47560	1444800	395	15	42	60661	6
985813	48015	1440151	392	10	42	60661	6
982746	48285	1435542	389	4	42	60661	6
979584	48334	1430978	386	0	42	60661	6
976334	48232	1426469	383	-6	42	60661	6
972997	47908	1422018	380	-12	42	60661	6
969582	47364	1417629	377	-18	42	60661	6
966096	46601	1413313	374	-25	42	60661	6
962546	45585	1409075	371	-31	42	60661	6
958939	44350	1404920	368	-38	41	60661	6
955289	42859	1400857	365	-45	41	60661	6
951606	41120	1396894	362	-52	40	60661	6
947900	39129	1393035	359	-59	39	60661	6
944183	36891	1389288	356	-66	38	60661	6
940465	34407	1385657	353	-74	37	60661	6
936769	31652	1382152	350	-82	36	60661	6
932810	29781	1378575	349	-3	5	60661	6
928564	29686	1374726	346	-3	5	61766	6
924316	29652	1370925	344	3	4	62152	6
920175	29745	1367216	342	4	4	60624	6
915964	29857	1363444	340	4	4	61660	6
911815	29951	1359726	338	4	4	60771	6
907620	30027	1356058	336	4	4	60771	6
903381	30085	1352443	334	4	4	60771	6
899097	30125	1348880	332	3	4	60771	6
894769	30114	1345369	330	2	4	60771	6
890398	30051	1341911	328	0	4	60771	6
885984	29905	1338507	326	0	4	60771	6
881529	29741	1335157	324	0	4	60771	6
877034	29559	1331862	322	-2	4	60771	6
872498	29291	1328622	320	-4	4	60771	6
867923	28939	1325438	318	-6	4	60771	6
863312	28501	1322311	316	-8	4	60771	6
858665	27979	1319242	314	-11	4	60771	6
853985	27338	1316233	312	-14	4	60771	6
849275	26580	1313284	310	-17	4	60771	6
844538	25705	1310395	308	-21	4	60771	6
839781	24678	1307570	306	-25	4	60771	6
835006	23501	1304808	304	-29	4	60771	6
830218	22173	1302112	302	-33	4	60771	6
825421	20697	1299481	300	-38	4	60771	6
820626	19041	1296918	298	-43	4	60771	6
815838	17204	1294424	296	-48	4	60771	6
811064	15188	1292000	294	-53	4	60771	6
806310	12995	1289647	292	-58	4	60771	6
801582	10627	1287365	290	-63	4	60771	6
796884	8085	1285153	288	-68	4	60771	6
792223	5370	1283011	286	-74	4	60771	6
787617	2456	1280942	284	-80	4	60771	6
782591	959	1278781	286	0	0	60751	6
777017	941	1277742	286	0	0	61841	6
771373	905	1276654	289	0	0	62686	6
765807	1397	1275393	295	23	-31	62155	6
760378	2152	1274031	298	23	-33	61631	6
754883	2903	1272545	301	23	-35	62680	6
749408	3643	1270992	301	23	-37	62680	6
743933	4365	1269439	301	23	-39	62680	6
738458	5069	1267886	301	23	-41	62680	6
732983	5755	1266333	301	23	-43	62680	6
727508	6423	1264780	301	22	-45	62680	6
722028	7038	1263225	301	21	-46	62680	6
716544	7600	1261670	301	20	-48	62680	6
711056	8109	1260113	301	18	-49	62680	6
705560	8530	1258554	301	16	-51	62680	6
700057	8863	1256993	301	14	-53	62680	6
694547	9108	1255430	301	11	-55	62680	6
689030	9229	1253865	301	8	-57	62680	6
683507	9226	1252298	301	5	-58	62680	6
677980	9100	1250730	301	2	-60	62680	6
672450	8850	1249161	301	0	-62	62680	6
666920	8513	1247592	301	-4	-63	62680	6
661392	8016	1246024	301	-8	-65	62680	6
655869	7360	1244457	301	-12	-67	62680	6
650354	6545	1242892	301	-16	-68	62680	6
644855	5784	1241243	308	-3	-69	62680	6
639637	6617	1238985	334	30	-70	62608	6
634755	7812	1236358	345	36	-66	61859	6
629964	9094	1233467	350	30	-72	62644	6
625246	10128	1230472	356	27	-74	62043	6
620595	11072	1227346	357	25	-75	62043	6
615954	11929	1224185	358	23	-76	62043	6
611324	12700	1220990	359	21	-77	62043	6
606707	13385	1217761	360	19	-78	62043	6
602101	13984	1214498	361	16	-79	62043	6
597506	14462	1211199	362	13	-80	62043	6
592923	14819	1207864	363	10	-81	62043	6
588354	15054	1204497	364	7	-82	62043	6
583801	15167	1201096	365	3	-83	62043	6
579264	15123	1197664	366	0	-84	62043	6
574747	14959	1194203	367	-4	-84	62043	6
570251	14636	1190714	368	-8	-84	62043	6
565780	14156	1187200	369	-13	-84	62043	6
561337	13483	1183665	370	-18	-84	62043	6
556927	12619	1180111	371	-23	-84	62043	6
552554	11563	1176543	372	-28	-84	62043	6
548222	10318	1172965	373	-33	-84	62043	6
543935	8882	1169381	374	-39	-84	62043	6
539702	7223	1165798	375	-45	-84	62043	6
535529	5343	1162223	376	-51	-84	62043	6
531421	3244	1158663	377	-57	-84	62043	6
527334	1288	1155037	380	-33	-48	62043	6
523033	888	1151178	382	-7	5	62604	6
518780	772	1147467	385	-9	2	61531	6
514640	553	1143851	388	-11	0	59970	6
510388	426	1140136	391	0	0	61608	6
506243	474	1136514	394	0	-3	60036	6
502274	1906	1133085	403	91	-10	61596	6
498750	4813	1130031	408	90	-13	60002	6
495133	7765	1126882	413	88	-16	61580	6
491582	10617	1123813	419	87	-19	59903	6
487954	13597	1120677	425	89	-22	61564	6
484435	16511	1117636	431	88	-25	59871	6
480818	19495	1114498	437	87	-28	61546	6
477282	22381	1111465	444	86	-30	59835	6
473645	25344	1108338	451	85	-33	61526	6
470089	28217	1105319	459	83	-36	59797	6
466614	30979	1102356	467	81	-39	58354	6
462906	33888	1099180	474	79	-42	62227	6
459346	36772	1095832	482	76	-45	62227	6
455962	39607	1092280	489	72	-48	62227	6
452741	42367	1088535	496	68	-51	62227	6
449694	45050	1084606	503	64	-53	62227	6
446825	47641	1080494	510	60	-55	62227	6
444146	50139	1076208	517	55	-57	62227	6
441667	52514	1071743	524	50	-58	62227	6
439393	54752	1067104	531	45	-60	62227	6
437339	56864	1062311	538	39	-61	62227	6
435511	58807	1057359	545	33	-62	62227	6
433919	60577	1052263	552	27	-62	62227	6
432564	62156	1047034	558	20	-62	62227	6
431423	63511	1041687	565	13	-62	62227	6
430534	64639	1036234	572	6	-62	62227	6
429900	65539	1030695	579	0	-61	62227	6
429514	66223	1025093	586	-8	-60	62227	6
429383	66627	1019439	593	-16	-59	62227	6
429503	66749	1013756	600	-24	-57	62227	6
429864	66575	1008066	607	-32	-55	62227	6
430458	66101	1002392	614	-40	-53	62227	6
431276	65330	996756	621	-48	-51	62227	6
432306	64263	991180	628	-56	-48	62227	6
433528	62886	985684	635	-64	-45	62227	6
434927	61205	980287	642	-72	-42	62227	6
436486	59221	975005	649	-80	-38	62227	6
438177	56927	969856	657	-88	-33	62227	6
440001	54316	964868	665	-96	-28	62227	6
441933	51397	960053	673	-103	-23	62227	6
443961	48205	955414	682	-110	-17	62227	6
446080	44735	950973	691	-117	-11	62227	6
448263	40998	946737	700	-124	-4	62227	6
450473	36994	942714	710	-130	3	62227	6
452726	32756	938908	720	-136	11	62227	6
455024	28955	935214	719	-93	17	62227	6
458294	28885	930897	737	44	3	61591	6
462000	30021	926823	747	44	0	61414	6
465601	31115	922796	758	44	-3	60241	6
469448	32253	919021	769	43	-6	60241	6
473531	33410	915518	780	42	-9	60241	6
477831	34587	912298	791	40	-12	60241	6
482337	35758	909381	802	38	-15	60241	6
487027	36925	906780	813	35	-18	60241	6
491891	38062	904510	824	32	-20	60241	6
496907	39149	902583	835	28	-22	60241	6
502059	40158	901013	846	24	-24	60241	6
507321	41092	899811	857	20	-26	60241	6
512667	41948	898983	868	15	-27	60241	6
518079	42680	898538	879	10	-28	60241	6
523528	43287	898479	890	4	-28	60241	6
528988	43722	898807	901	-2	-28	60241	6
534429	43982	899519	912	-8	-28	60241	6
539823	44066	900610	923	-14	-27	60241	6
545138	43954	902069	934	-20	-26	60241	6
550345	43645	903883	945	-27	-25	60241	6
555419	43113	906038	956	-33	-23	60241	6
560334	42365	908512	967	-39	-21	60241	6
565067	41400	911285	978	-45	-18	60241	6
569598	40200	914329	990	-52	-15	60241	6
573887	38741	917641	1001	-58	-11	60241	6
577940	37031	921164	1013	-65	-7	60241	6
581721	35050	924884	1	-71	-3	60241	6
585222	32828	928778	13	-77	2	60241	6
588443	30491	932864	24	-70	5	60241	6
591614	29670	937168	35	-6	0	59578	6
594665	29518	941497	46	-6	0	57875	6
597931	29581	946080	58	-6	0	61362	6
601097	29448	950516	70	-6	0	59546	6
604385	29350	955067	83	-10	-5	61338	6
607570	29374	959486	96	-12	0	59499	6
610888	29322	964013	110	-3	2	61312	6
614104	29242	968404	124	-2	0	59448	6
617244	29217	973103	131	0	0	61740	6
620400	29233	977582	142	0	-3	59835	6
623483	29316	982319	147	0	-3	61740	6
626408	29383	987000	149	0	-3	60295	6
629373	29434	991812	150	0	-3	61740	6
624630	29364	995417	150	0	-3	64990	6
620089	29294	998800	158	0	0	61638	6
615592	29268	1002003	160	0	0	60097	6
610991	29238	1005280	162	0	0	61644	6
606505	29270	1008476	164	3	0	60109	6
601903	29357	1011751	166	3	0	61650	6
597362	29425	1014984	168	2	0	60838	6
592686	29443	1018312	170	0	0	62636	6
588053	29376	1021611	172	0	0	62056	6
583462	29351	1024879	174	0	3	61484	6
578815	29305	1028187	176	0	3	62146	6
574291	29274	1031407	178	0	0	60609	6
569690	29274	1034685	180	0	0	61654	6
565202	29274	1037881	182	0	0	60125	6
560600	29274	1041158	184	0	0	61654	6
556113	29263	1044354	186	0	0	60121	6
551512	29234	1047632	188	0	0	61644	6
547026	29198	1050827	190	0	0	60101	6
542378	29144	1054139	192	0	0	62290	6
537689	29072	1057393	194	0	0	62290	6
532960	28982	1060590	196	0	0	62290	6
528192	28874	1063728	198	0	0	62290	6
523386	28748	1066806	200	-2	0	62290	6
518542	28533	1069825	202	-4	0	62290	6
513662	28232	1072784	204	-6	2	62290	6
508748	27829	1075681	206	-8	4	62290	6
503803	27325	1078516	208	-11	6	62290	6
498946	26916	1081469	202	5	46	61927	6
494270	27082	1084769	190	34	79	62104	6
489854	27527	1088118	193	38	72	60519	6
485374	28080	1091502	196	39	70	61602	6
481028	28587	1094821	200	40	68	59986	6
476564	29081	1098227	204	41	66	61588	6
472216	29532	1101541	208	42	64	59955	6
467731	29964	1104998	212	42	62	62062	6
463345	30317	1108414	217	42	60	60885	6
458859	30614	1111904	222	42	57	62208	6
454442	30857	1115346	227	42	55	61253	6
449968	31034	1118871	233	42	52	62271	6
445567	31154	1122345	239	41	49	61295	6
441054	31276	1125670	245	40	46	61295	6
436432	31401	1128842	251	39	44	61295	6
431703	31513	1131852	257	38	41	61295	6
426877	31629	1134701	263	36	38	61295	6
421955	31719	1137384	269	34	35	61295	6
416943	31784	1139896	275	31	33	61295	6
411843	31779	1142230	281	28	31	61295	6
406661	31702	1144382	287	25	28	61295	6
401405	31572	1146352	293	22	26	61295	6
396080	31373	1148134	299	18	24	61295	6
390692	31073	1149725	305	13	22	61295	6
385250	30645	1151122	311	8	20	61295	6
379818	30057	1152556	318	3	18	61328	6
374282	29722	1154079	322	0	-2	61486	6
369038	29745	1155665	330	0	-2	59775	6
363656	29754	1157328	339	0	-2	61458	6
358426	29746	1158944	348	0	-2	59722	6
353058	29724	1160641	358	0	-2	61428	6
347844	29685	1162288	368	0	-2	59668	6
342488	29633	1164017	379	-2	-2	61400	6
337254	29688	1165705	387	0	-2	59615	6
331944	29730	1167564	399	0	-2	61374	6
326793	29754	1169368	411	0	-2	59561	6
321497	29764	1171259	424	0	-2	61344	6
316361	29755	1173094	437	0	-2	59499	6
311080	29731	1175016	451	0	-2	61310	6
305972	29687	1176910	466	-2	-2	59432	6
300575	29629	1178615	473	-4	-2	61740	6
295266	29587	1180149	476	-3	3	60297	6
289800	29557	1181658	478	-4	-6	61740	6
289798	29531	1181656	478	-4	-7	0	6
288660	29376	1176118	485	-3	-3	61664	6
287682	29308	1170689	486	-4	-4	60153	6
286679	29236	1165124	487	0	0	61674	6
285701	29300	1159695	488	0	0	60172	6
284698	29300	1154129	489	0	0	61682	6
283720	29289	1148698	490	0	0	60184	6
282718	29261	1143131	491	0	0	61692	6
281740	29236	1137698	492	0	0	60204	6
280738	29268	1132131	493	3	0	61700	6
279759	29349	1126696	494	3	0	60220	6
278755	29415	1121127	495	3	0	61710	6
277809	29460	1115685	495	3	0	60238	6
276856	29490	1110106	496	2	0	61720	6
275920	29467	1104524	496	0	0	61720	6
274985	29359	1098943	496	0	0	61720	6
274050	29233	1093362	496	-2	0	61720	6
273114	29017	1087780	496	-4	0	61720	6
272178	28714	1082199	496	-6	0	61720	6
271243	28324	1076620	496	-8	0	61720	6
270308	27847	1071044	496	-11	0	61720	6
269373	27248	1065474	496	-14	0	61720	6
268439	26527	1059912	496	-17	0	61720	6
267506	25685	1054360	496	-20	0	61720	6
266574	24721	1048820	496	-23	0	61720	6
265643	23636	1043294	496	-27	0	61720	6
264714	22397	1037788	496	-31	0	61720	6
263788	21003	1032307	496	-35	0	61720	6
262865	19456	1026854	496	-39	0	61720	6
261945	17756	1021432	496	-44	0	61720	6
261029	15870	1016053	496	-49	0	61720	6
260118	13800	1010723	496	-54	0	61720	6
259212	11547	1005446	496	-59	0	61720	6
258312	9113	1000227	496	-65	0	61720	6
257420	6469	995085	496	-70	0	61720	6
256596	3997	989915	502	-46	-30	61720	6
256298	3494	984220	518	-10	-64	62212	6
256211	3429	978645	519	-8	-67	60776	6
256114	3313	972986	518	-11	-62	61718	6
256050	3261	967454	519	-8	-77	60257	6
255973	3235	961795	518	-6	-65	61716	6
255861	3280	956271	516	-6	-65	60253	6
255683	3354	950615	515	-6	-65	61712	6
255459	3393	945095	515	-2	-69	60243	6
255193	3490	939443	513	0	-68	61710	6
254873	3656	933931	512	0	-66	60236	6
254517	3841	928289	511	0	-71	61706	6
254133	4019	922782	509	0	-68	60232	6
253850	4623	917234	523	36	-69	61712	6
254091	6470	912047	532	55	-68	60246	6
254434	8577	906805	533	56	-69	61724	6
254766	10663	901702	534	61	-72	60237	6
255121	12876	896504	534	61	-72	61740	6
255482	15018	891430	535	60	-72	60249	6
255886	17169	886219	537	59	-72	61740	6
256329	19224	881129	537	58	-71	60250	6
256785	21279	875898	537	57	-70	61740	6
257231	23236	870781	537	56	-69	60251	6
257697	25301	865549	538	58	-72	61740	6
258157	27367	860464	537	58	-71	60253	6
258596	29477	855234	535	58	-70	61740	6
258964	31532	850084	534	57	-69	60729	6
259317	33529	844918	534	56	-69	60729	6
259672	35477	839740	534	55	-69	60729	6
260028	37375	834549	534	53	-69	60729	6
260388	39191	829334	534	51	-69	60729	6
260750	40925	824096	534	49	-69	60729	6
261116	42577	818837	534	46	-69	60729	6
261486	44113	813546	534	44	-69	60729	6
261859	45567	808234	534	41	-69	60729	6
262236	46905	802893	534	38	-69	60729	6
262617	48126	797525	534	34	-69	60729	6
263002	49196	792124	534	30	-69	60729	6
263391	50116	786693	534	26	-69	60729	6
263783	50885	781236	534	22	-69	60729	6
264179	51501	775755	534	18	-69	60729	6
264577	51965	770254	534	13	-69	60729	6
264978	52241	764732	534	8	-69	60729	6
265382	52329	759194	534	3	-69	60729	6
265786	52230	753646	534	-3	-69	60729	6
266191	51908	748093	534	-9	-69	60729	6
266596	51363	742541	534	-15	-69	60729	6
267000	50596	736998	534	-22	-69	60729	6
267401	49573	731476	534	-28	-69	60729	6
267799	48329	725979	534	-34	-69	60729	6
268193	46866	720515	534	-41	-69	60729	6
268580	45151	715098	534	-48	-69	60729	6
268960	43187	709739	534	-55	-69	60729	6
269330	40976	704447	534	-62	-69	60729	6
269689	38521	699232	534	-69	-69	60729	6
270037	35826	694104	534	-77	-69	60729	6
270370	32864	689086	534	-84	-69	60729	6
270727	30184	684023	535	-48	-38	60729	6
271144	29658	678503	534	-4	0	60413	6
271489	29569	673099	533	-10	0	59042	6
271817	29463	667440	532	0	0	61740	6
272104	29445	661919	530	0	0	60303	6
272346	29409	656265	530	0	0	61728	6
272582	29355	650744	530	0	0	60270	6
272824	29291	645090	530	0	0	61724	6
273060	29280	639569	530	0	0	60262	6
273302	29252	633916	530	0	0	61722	6
273538	29227	628396	530	0	0	60258	6
273780	29259	622743	530	3	0	61718	6
274014	29340	617224	530	3	0	60250	6
274236	29413	611570	528	2	0	61716	6
274385	29432	606047	527	0	0	60244	6
274505	29367	600390	525	-2	0	61712	6
274553	29248	594849	523	0	0	60238	6
274534	29252	589191	522	0	0	61710	6
274481	29252	583669	521	0	0	60234	6
274393	29252	578012	520	0	0	61706	6
274273	29241	572491	518	0	0	60226	6
274081	29241	566836	516	0	0	61704	6
273826	29241	561320	515	0	0	60222	6
273529	29273	555671	513	3	0	61700	6
273172	29354	550162	511	3	0	60214	6
272737	29419	544522	509	3	0	61698	6
272244	29464	539022	508	3	0	60208	6
271705	29493	533391	507	2	0	61694	6
271145	29468	527898	506	0	0	60200	6
270520	29360	522275	503	0	0	61692	6
269801	29312	516740	500	0	0	60198	6
268970	29294	511146	497	0	0	61688	6
268058	29276	505703	494	0	0	60190	6
267021	29241	500142	491	0	0	61686	6
265944	29241	494730	487	0	0	60186	6
264772	29305	489197	486	0	0	61680	6
263628	29305	483799	485	0	0	60174	6
262456	29296	478267	484	0	0	61674	6
261313	29292	472871	483	0	0	60162	6
260141	29292	467340	482	0	0	61668	6
258998	29292	461945	481	0	0	60151	6
257825	29274	456415	480	0	0	61662	6
256682	29238	451021	479	0	0	60139	6
255533	29191	445426	477	0	0	62310	6
254315	29126	439845	475	-2	0	62310	6
253028	28971	434279	473	-4	0	62310	6
251673	28728	428730	471	-6	0	62310	6
250251	28397	423200	469	-8	0	62310	6
248762	27978	417691	467	-11	0	62310	6
247207	27436	412206	465	-14	0	62310	6
245587	26771	406748	463	-17	0	62310	6
243903	25984	401320	461	-20	0	62310	6
242156	25074	395925	459	-23	0	62310	6
240348	24042	390565	457	-27	0	62310	6
238481	22854	385247	455	-31	0	62310	6
236558	21510	379976	453	-35	0	62310	6
234580	20010	374755	451	-39	0	62310	6
232550	18356	369589	449	-44	0	62310	6
230473	16514	364488	447	-49	0	62310	6
228668	15606	359171	467	11	-58	61957	6
227371	16159	353678	467	19	-59	61626	6
226121	16681	348341	464	20	-58	60055	6
224833	17200	342867	461	20	-58	61614	6
223618	17808	337534	458	20	-60	60025	6
222314	18264	332059	455	21	-60	61602	6
221079	18709	326718	450	19	-53	60001	6
219776	19112	321231	447	23	-58	61588	6
218538	19574	315926	444	28	-64	59971	6
217310	20137	310477	441	35	-66	61572	6
216150	20762	305159	436	36	-64	59932	6
214948	21369	299680	431	37	-62	61554	6
213773	21920	294347	426	38	-60	59891	6
212592	22436	288859	420	39	-57	61536	6
211441	22902	283519	414	39	-55	59851	6
210285	23313	278020	407	38	-50	61516	6
209174	23743	272682	400	42	-46	59809	6
208039	24266	267183	393	44	-44	61492	6
207062	25070	261903	387	74	-23	59759	6
206545	27308	256770	378	90	0	61466	6
206120	29574	251830	368	88	8	59682	6
205689	31914	246671	358	86	13	62092	6
204962	34290	241569	347	84	18	62092	6
203909	36702	236551	337	82	23	62092	6
202566	39152	231631	327	79	28	62092	6
200922	41619	226821	317	76	33	62092	6
198982	44103	222143	307	72	38	62092	6
196737	46582	217611	297	67	42	62092	6
194171	49014	213236	287	62	46	62092	6
191292	51400	209042	278	56	49	62092	6
188115	53694	205023	269	50	52	62092	6
184651	55895	201201	260	44	55	62092	6
180912	58001	197595	252	38	57	62092	6
176927	59989	194195	243	31	59	62092	6
172679	61831	191043	234	23	61	62092	6
168173	63499	188158	226	15	62	62092	6
163445	64969	185522	218	7	63	62092	6
158516	66235	183147	210	0	63	62092	6
153415	67300	181036	201	-9	63	62092	6
148140	68107	179233	193	-18	62	62092	6
142728	68631	177703	185	-27	61	62092	6
137208	68869	176449	176	-36	60	62092	6
131603	68821	175505	167	-45	58	62092	6
125946	68465	174858	158	-55	56	62092	6
120268	67776	174502	149	-64	53	62092	6
114600	66761	174415	140	-73	49	62092	6
108975	65406	174569	130	-82	45	62092	6
103421	63718	174983	120	-91	40	62092	6
97969	61685	175618	110	-99	34	62092	6
92639	59323	176446	99	-107	28	62092	6
87457	56643	177471	88	-115	21	62092	6
82445	53641	178650	76	-122	13	62092	6
77621	50337	179980	63	-129	4	62092	6
73009	46729	181439	50	-135	-5	62092	6
68608	42852	183009	37	-140	-15	62092	6
64422	38723	184662	23	-145	-25	62092	6
60461	34357	186391	9	-149	-36	62092	6
56725	29767	188169	1019	-153	-47	62092	6
53211	24968	189967	1005	-156	-58	62092	6
49911	19985	191781	991	-158	-69	62092	6
46824	14834	193613	977	-160	-81	62092	6
43948	9516	195420	963	-161	-92	62092	6
41281	4054	197227	950	-162	-103	62092	6
40448	1663	200245	893	46	44	62092	6
40374	4553	205042	883	44	52	60598	6
40274	6800	210187	872	41	55	61384	6
40143	8978	215172	860	36	58	59553	6
40032	11195	220312	849	31	60	61362	6
39919	13385	225280	836	32	65	59514	6
39750	15738	230358	824	29	67	61338	6
39554	18014	235272	812	26	69	59467	6
39283	20361	240328	799	22	71	61310	6
38997	22627	245220	786	18	72	59416	6
38923	24971	250310	779	16	72	61740	6
38994	27248	255325	776	16	72	60760	6
39127	29570	260474	775	16	72	62394	6
45057	29978	260726	775	16	72	65099	6
50987	30368	260978	775	16	72	65099	6
56917	30740	261230	775	16	72	65099	6
62847	31094	261482	775	16	72	65099	6
68777	31430	261734	775	15	72	65099	6
74711	31712	261987	775	14	72	65099	6
80648	31940	262240	775	13	72	65099	6
86588	32113	262493	775	12	72	65099	6
92531	32231	262746	775	10	72	65099	6
98479	32259	262999	775	8	72	65099	6
104431	32195	263253	775	6	72	65099	6
110386	32040	263507	775	4	72	65099	6
116344	31794	263761	775	0	72	65099	6
122303	31384	264015	775	-3	72	65099	6
128261	30846	264269	775	-6	72	65099	6
134193	30173	264506	774	-10	72	64845	6
140159	29723	264695	774	-7	14	64004	6
146029	29686	264915	776	3	8	62517	6
151615	29769	265204	778	3	8	61059	6
157258	29835	265565	779	3	8	61740	6
162766	29880	265952	780	3	8	60293	6
168402	29911	266399	783	2	8	61740	6
173898	29887	266937	786	0	8	60293	6
179515	29779	267592	789	0	8	61740	6
184989	29652	268316	790	-2	8	60283	6
190642	29637	269092	791	0	10	61728	6
196106	29618	269884	793	0	10	60272	6
201736	29581	270770	795	0	10	62214	6
207358	29525	271708	795	0	10	62214	6
212980	29451	272646	795	0	10	62214	6
218602	29359	273584	795	0	10	62214	6
224224	29249	274522	795	0	10	62214	6
229846	29121	275460	795	-2	10	62214	6
235467	28905	276399	795	-4	10	62214	6
241087	28601	277337	795	-6	10	62214	6
246705	28209	278274	795	-8	10	62214	6
252320	27729	279210	795	-11	10	62214	6
257929	27126	280145	795	-14	10	62214	6
263530	26400	281079	795	-17	10	62214	6
269121	25552	282012	795	-20	10	62214	6
274700	24581	282943	795	-23	10	62214	6
280266	23488	283871	795	-27	10	62214	6
285811	22239	284796	795	-31	10	62214	6
291331	20834	285717	795	-35	10	62214	6
296823	19274	286633	795	-39	10	62214	6
302284	17560	287544	795	-44	10	62214	6
307702	15659	288448	795	-49	10	62214	6
313071	13572	289343	795	-54	10	62214	6
318387	11301	290230	795	-60	10	62214	6
323632	8814	291105	795	-66	10	62214	6
328799	6115	291967	795	-71	10	62214	6
333895	3238	292817	795	-77	10	62214	6
339157	1039	293689	795	-8	4	62214	6
344883	993	294640	795	-6	0	62720	6
350508	827	295559	793	0	0	62232	6
356102	880	296405	791	-6	0	61749	6
361787	640	297211	791	-7	0	62720	6
367439	671	298011	791	-10	0	62230	6
373036	554	298804	791	0	0	61748	6
378726	554	299611	791	0	0	62720	6
384371	554	300412	791	0	0	62225	6
389972	554	301207	791	0	0	61737	6
395458	1507	302042	796	69	-20	62720	6
400552	3825	302924	796	68	-20	61901	6
405589	6061	303796	796	67	-20	61041	6
410738	8291	304687	796	66	-20	62230	6
415776	10449	305559	796	65	-15	60728	6
420896	12638	306445	796	65	-15	61740	6
425902	14788	307314	796	64	-13	60246	6
431014	16992	308203	796	68	-13	61740	6
435985	19227	309063	796	68	-13	60247	6
441080	21512	309945	796	68	-14	61740	6
446051	23741	310805	796	68	-15	60244	6
451146	26009	311687	796	67	-16	61740	6
456131	28186	312550	796	67	-16	60244	6
461240	30412	313434	796	66	-14	61740	6
466291	32557	314308	796	65	-12	60883	6
471355	34653	315185	796	64	-10	60883	6
476432	36699	316064	796	62	-8	60883	6
481534	38664	316947	796	60	-6	60883	6
486661	40547	317834	796	58	-4	60883	6
491812	42348	318726	796	56	-2	60883	6
496986	44066	319622	796	53	0	60883	6
502193	45670	320523	796	51	2	60883	6
507421	47190	321428	796	48	4	60883	6
512680	48594	322338	796	45	6	60883	6
517967	49882	323253	796	42	8	60883	6
523281	51053	324173	796	38	10	60883	6
528628	52073	325099	796	34	12	60883	6
534004	52941	326030	796	30	14	60883	6
539406	53657	326965	796	26	16	60883	6
544832	54220	327904	796	22	18	60883	6
550277	54629	328847	796	17	20	60883	6
555742	54851	329793	796	12	22	60883	6
561222	54884	330742	796	6	24	60883	6
566714	54694	331693	796	0	26	60883	6
572209	54282	332644	796	-6	28	60883	6
577701	53645	333595	796	-12	30	60883	6
583181	52785	334544	796	-18	32	60883	6
588643	51702	335489	796	-25	34	60883	6
594074	50364	336429	796	-32	36	60883	6
599464	48772	337362	796	-39	38	60883	6
604802	46928	338286	796	-46	40	60883	6
610080	44834	339200	796	-53	42	60883	6
615287	42494	340101	796	-60	44	60883	6
620414	39910	340988	796	-68	46	60883	6
625437	37055	341857	796	-76	48	60883	6
630345	33935	342706	796	-84	50	60883	6
635187	30691	343533	795	-80	29	60883	6
640659	29724	344404	794	-3	3	60883	6
646335	29666	345296	793	-3	4	62720	6
651969	29613	346162	793	-3	4	62216	6
657557	29553	347022	793	-3	5	61719	6
663234	29461	347896	793	-5	8	62706	6
668866	29354	348763	793	0	0	62198	6
674453	29354	349625	793	0	0	61696	6
680133	29354	350483	791	0	0	62702	6
685777	29354	351265	790	0	0	62187	6
691379	29354	352007	789	0	0	61677	6
697079	29354	352726	788	0	0	62696	6
702736	29354	353404	786	0	0	62177	6
708353	29354	354009	784	0	0	61663	6
714071	29354	354553	783	0	0	62692	6
719706	29535	355060	782	15	-2	62173	6
725019	31181	355546	783	66	-4	61663	6
730277	33443	356011	781	66	-3	62696	6
735470	35732	356409	779	67	-8	62126	6
740617	38011	356736	778	67	-3	61561	6
745872	40305	357039	776	67	-3	62692	6
751076	42591	357281	775	68	0	62116	6
756227	44875	357483	774	68	0	61551	6
761474	47201	357656	772	68	0	62696	6
766676	49506	357763	771	68	0	62129	6
771832	51787	357856	771	68	0	61571	6
777083	54114	357950	771	68	0	62706	6
782287	56415	358043	771	68	0	62147	6
787447	58678	358104	770	67	0	61607	6
792715	60939	358134	769	66	0	62720	6
797997	63150	358164	769	65	0	62720	6
803292	65310	358194	769	63	0	62720	6
808614	67387	358224	769	61	0	62720	6
813963	69380	358254	769	58	0	62720	6
819349	71256	358284	769	56	0	62720	6
824759	73048	358315	769	53	0	62720	6
830204	74722	358346	769	50	0	62720	6
835682	76278	358377	769	46	0	62720	6
841201	77681	358409	769	42	0	62720	6
846758	78930	358441	769	38	0	62720	6
852349	80024	358473	769	34	0	62720	6
857971	80962	358505	769	30	0	62720	6
863620	81744	358537	769	25	0	62720	6
869299	82335	358569	769	20	0	62720	6
875002	82732	358602	769	15	0	62720	6
880724	82936	358635	769	10	0	62720	6
886460	82946	358668	769	4	0	62720	6
892205	82727	358701	769	-2	0	62720	6
897951	82278	358734	769	-8	0	62720	6
903690	81599	358767	769	-15	0	62720	6
909412	80656	358800	769	-22	0	62720	6
915106	79450	358833	769	-29	0	62720	6
920762	77982	358865	769	-36	0	62720	6
926369	76254	358897	769	-43	0	62720	6
931917	74268	358929	769	-51	0	62720	6
937384	71994	358960	769	-58	0	62720	6
942770	69469	358990	769	-66	0	62720	6
948052	66663	359020	769	-74	0	62720	6
953216	63583	359049	769	-82	0	62720	6
958250	60234	359077	769	-90	0	62720	6
963142	56624	359104	769	-98	0	62720	6
967880	52759	359131	769	-106	0	62720	6
972453	48647	359157	769	-113	0	62720	6
976872	44324	359183	769	-120	0	62720	6
981129	39797	359206	769	-127	0	62720	6
985216	35072	359228	769	-134	0	62720	6
989191	30645	359249	769	-107	0	62720	6
994699	29644	359249	768	-4	0	62720	6
1000354	29667	359249	768	-7	0	61697	6
1006098	29474	359249	768	-11	0	62720	6
1011796	29345	359249	768	0	0	62231	6
1017456	29345	359249	768	0	0	61752	6
1023205	29345	359249	768	0	0	62720	6
1028908	29345	359249	768	0	0	62225	6
1034567	29345	359249	768	0	0	61737	6
1040316	29345	359249	768	0	0	62720	6
1046019	29345	359249	768	0	0	62225	6
1051678	29345	359249	768	0	0	61737	6
1057427	29345	359249	768	0	0	62720	6
1063130	29345	359249	768	0	0	62225	6
1068789	29345	359249	768	0	0	61737	6
1074538	29345	359249	768	0	0	62720	6
1080241	29345	359267	769	0	0	62225	6
1085899	29345	359318	771	0	0	61737	6
1091644	29345	359439	772	0	0	62720	6
1097343	29345	359594	774	0	0	62225	6
1102995	29345	359835	777	0	0	61737	6
1108731	29345	360186	780	0	0	62720	6
1114413	29345	360638	783	0	0	62225	6
1120047	29345	361157	783	0	0	61737	6
1125659	29345	361674	783	0	0	61505	6
1131382	29345	362201	783	0	0	62720	6
1137059	29345	362724	783	0	0	62225	6
1142693	29345	363243	783	0	0	61737	6
1148416	29345	363770	783	0	0	62720	6
1154091	29345	364310	784	0	0	62225	6
1159719	29345	364880	785	0	0	61737	6
1165435	29345	365477	785	0	0	62720	6
1171106	29345	366069	785	0	0	62225	6
1176733	29345	366657	785	0	0	61737	6
1182449	29336	367254	785	0	0	62720	6
1188091	29318	367843	785	0	-3	61901	6
1193658	29290	368424	785	0	-7	61094	6
1199341	29315	369034	786	0	0	62394	6
1204933	29292	369670	788	0	0	61423	6
1210548	29286	370361	788	0	0	61740	6
1216032	29263	371036	788	0	0	60295	6
1221647	29233	371727	788	0	0	61740	6
1227131	29265	372402	788	3	0	60295	6
1232744	29349	373092	788	3	0	61740	6
1238225	29412	373766	788	3	0	60293	6
1243838	29460	374456	788	3	0	61740	6
1249319	29487	375130	788	2	0	60293	6
1254933	29464	375820	788	0	0	61740	6
1260416	29356	376495	788	0	0	60294	6
1266061	29277	377189	788	0	-4	61740	6
1271544	29261	377863	788	0	-4	60295	6
1277158	29272	378553	788	2	0	61740	6
1282641	29316	379227	788	2	0	60295	6
1288255	29355	379917	788	0	0	61740	6
1293740	29308	380575	786	0	0	60294	6
1299364	29244	381180	784	0	0	61740	6
1304863	29245	381720	784	0	0	60295	6
1310493	29277	382273	784	3	0	61740	6
1315990	29358	382812	784	3	0	60295	6
1321618	29424	383364	784	3	0	61740	6
1327114	29469	383903	784	3	0	60293	6
1332743	29499	384438	783	2	0	61740	6
1338244	29474	384926	781	0	0	60293	6
1343885	29366	385359	779	0	0	61740	6
1349459	29319	385716	778	0	0	60295	6
1355105	29301	386062	778	0	0	61728	6
1360617	29290	386399	778	0	0	60270	6
1366264	29262	386745	778	0	0	61740	6
1371779	29237	387083	778	0	0	60295	6
1377426	29269	387429	778	3	0	61740	6
1382939	29350	387765	778	3	0	60295	6
1388584	29416	388109	778	3	0	61740	6
1394096	29461	388445	778	3	0	60293	6
1399742	29491	388772	777	2	0	61740	6
1405257	29466	389057	776	0	0	60293	6
1410908	29358	389316	774	0	0	61740	6
1416491	29311	389502	772	0	0	60295	6
1422146	29311	389639	772	0	0	61728	6
1427667	29293	389773	772	0	0	60270	6
1433322	29257	389910	772	0	0	61724	6
1438843	29205	390044	772	0	0	60262	6
1444497	29269	390181	772	0	0	61722	6
1450017	29269	390315	772	0	0	60258	6
1455671	29269	390452	772	0	0	61718	6
1461190	29251	390586	772	0	0	60250	6
1466844	29216	390706	771	0	0	61716	6
1472363	29216	390789	770	0	0	60246	6
1478018	29280	390857	770	0	0	61716	6
1483539	29280	390923	770	0	0	60252	6
1489194	29269	390991	770	0	0	61722	6
1494716	29241	391057	770	0	0	60264	6
1500374	29241	391090	769	0	0	61740	6
1505901	29230	391090	768	0	0	60295	6
1511560	29201	391090	768	0	0	61740	6
1517219	29154	391090	768	0	0	61740	6
1522878	29089	391090	768	-2	0	61740	6
1528534	28935	391090	768	-4	0	61740	6
1534189	28694	391090	768	-6	0	61740	6
1539842	28365	391090	768	-8	0	61740	6
1545492	27949	391090	768	-11	0	61740	6
1551136	27411	391090	768	-14	0	61740	6
1556772	26751	391090	768	-17	0	61740	6
1562398	25969	391090	768	-20	0	61740	6
1568012	25066	391090	768	-23	0	61740	6
1573612	24041	391090	768	-27	0	61740	6
1579191	22861	391090	768	-31	0	61740	6
1584745	21526	391090	768	-35	0	61740	6
1590272	20037	391090	768	-39	0	61740	6
1595767	18395	391090	768	-44	0	61740	6
1601219	16567	391090	768	-49	0	61740	6
1606622	14555	391090	768	-54	0	61740	6
1611971	12360	391090	768	-59	0	61740	6
1617261	9983	391090	768	-65	0	61740	6
1622473	7395	391090	768	-70	0	61740	6
1627616	4630	391090	768	-76	0	61740	6
1632722	1787	391090	768	-70	0	61740	6
1638254	931	391090	768	-4	0	61740	6
1643648	842	391090	768	-10	0	58871	6
1649010	798	391090	768	0	0	58410	6
1654322	780	391090	768	0	0	57953	6
1659592	744	391090	768	0	0	57495	6
1664820	690	391090	768	0	0	57037	6
1670007	618	391090	768	0	0	56587	6
1675178	565	391090	768	0	0	56137	6
1680283	565	391090	768	0	0	55694	6
1685347	565	391090	768	0	0	55251	6
1690371	565	391090	768	0	0	54814	6
1695355	565	391090	768	0	0	54377	6
1700299	565	391090	768	0	0	53940	6
1705070	1206	391090	768	55	0	53510	6
1709570	2972	391090	768	70	0	52804	6
