1788800	512	1013504	768	0	0	0	1	1800
1788834	512	1013504	768	0	0	380	1	1800
1788903	512	1013504	768	0	0	760	1	1800
1789007	512	1013504	768	0	0	1140	1	1800
1789146	512	1013504	768	0	0	1520	1	1800
1789320	512	1013504	768	0	0	1900	1	1800
1789529	512	1013504	768	0	0	2280	1	1800
1789772	512	1013504	768	0	0	2660	1	1800
1790050	512	1013504	768	0	0	3040	1	1800
1790363	512	1013504	768	0	0	3420	1	1800
1790711	512	1013504	768	0	0	3800	1	1855
1791094	512	1013504	768	0	0	4180	1	2041
1791512	512	1013504	768	0	0	4560	1	2226
1791964	512	1013504	768	0	0	4940	1	2412
1792451	512	1013504	768	0	0	5320	1	2597
1792973	512	1013504	768	0	0	5700	1	2783
1793519	512	1013504	768	0	0	5959	1	2909
1794088	512	1013504	768	0	0	6218	1	3036
1794681	512	1013504	768	0	0	6477	1	3162
1795298	512	1013504	768	0	0	6741	1	3291
1795929	512	1013504	768	0	0	6889	1	3363
1796574	512	1013504	768	0	0	7037	1	3436
1797232	512	1013504	768	0	0	7185	1	3508
1797904	512	1013504	768	0	0	7336	1	3582
1798590	512	1013504	768	0	0	7487	1	3655
1799289	512	1013508	769	0	0	7638	1	3729
1800001	512	1013520	770	0	0	7794	1	3805
1800726	512	1013540	771	0	0	7950	1	3881
1801466	512	1013567	772	0	0	8106	1	3958
1802219	512	1013604	774	0	0	8262	1	4034
1802987	512	1013654	776	0	0	8422	1	4112
1803769	512	1013707	778	0	0	8582	1	4190
1804565	512	1013764	779	0	0	8742	1	4268
1805378	512	1013818	779	0	0	8902	1	4346
1806205	512	1013872	779	0	0	9062	1	4424
1807047	512	1013927	779	0	0	9227	1	4505
1807904	512	1013984	779	0	0	9392	1	4585
1808777	512	1014042	779	0	0	9557	1	4666
1809665	512	1014101	779	0	0	9731	1	4751
1810568	512	1014161	779	0	0	9905	1	4836
1811487	512	1014222	779	0	0	10079	1	4921
1812422	512	1014284	779	0	0	10253	1	5006
1813374	512	1014347	779	0	0	10431	1	5093
1814342	512	1014411	779	0	0	10609	1	5180
1815327	512	1014476	779	0	0	10792	1	5269
1816329	512	1014542	779	0	0	10975	1	5358
1817347	512	1014609	779	0	0	11158	1	5448
1818382	512	1014678	779	0	0	11341	1	5537
1819433	512	1014754	779	0	0	11523	1	5626
1820499	512	1014834	780	0	0	11705	1	5715
1821583	512	1014929	781	0	0	11892	1	5806
1822682	512	1015036	783	0	0	12079	1	5897
1823796	512	1015165	785	0	0	12266	1	5989
1824924	512	1015313	788	0	0	12453	1	6080
1826066	512	1015488	791	0	0	12639	1	6171
1827222	512	1015680	793	0	0	12825	1	6262
1828395	512	1015879	795	0	0	13011	1	6353
1829584	512	1016088	796	0	0	13206	1	6448
1830792	512	1016296	796	0	0	13401	1	6543
1832018	512	1016508	796	0	0	13596	1	6638
1833262	512	1016723	796	0	0	13791	1	6733
1834524	512	1016941	796	0	0	13995	1	6833
1835804	512	1017162	796	0	0	14199	1	6933
1837103	512	1017386	796	0	0	14403	1	7032
1838420	512	1017613	796	0	0	14606	1	7131
1839756	512	1017843	796	0	0	14809	1	7230
1841110	512	1018077	796	0	0	15012	1	7330
1842482	512	1018314	796	0	0	15215	1	7429
1843870	512	1018562	797	0	0	15418	1	7528
1845274	512	1018827	798	0	0	15620	1	7626
1846694	512	1019108	799	0	0	15822	1	7725
1848129	512	1019406	801	0	0	16024	1	7824
1849576	512	1019734	804	0	0	16226	1	7922
1851033	512	1020098	807	0	0	16428	1	8021
1852500	512	1020498	811	0	0	16629	1	8119
1853977	512	1020930	814	0	0	16830	1	8217
1855467	512	1021386	816	0	0	17031	1	8315
1856972	512	1021857	817	0	0	17232	1	8414
1858497	512	1022329	817	0	0	17433	1	8512
1860039	512	1022806	817	0	0	17634	1	8610
1861598	512	1023288	817	0	0	17835	1	8708
1863175	512	1023776	817	0	0	18036	1	8806
1864770	512	1024269	817	0	0	18237	1	8904
1866381	512	1024773	817	0	0	18438	1	9002
1868007	512	1025287	818	0	0	18638	1	9100
1869645	512	1025821	819	0	0	18838	1	9198
1871296	512	1026376	821	0	0	19038	1	9295
1872955	512	1026963	823	0	0	19242	1	9395
1874624	512	1027582	826	0	0	19456	1	9500
1876297	512	1028245	829	0	0	19678	1	9608
1877975	512	1028951	833	0	0	19900	1	9716
1879651	512	1029711	837	0	0	20122	1	9825
1881324	512	1030527	842	0	0	20349	1	9936
1882986	512	1031409	848	0	0	20581	1	10049
1884631	512	1032367	854	0	0	20816	1	10164
1886265	512	1033387	859	0	0	21055	1	10280
1887892	512	1034459	863	0	0	21299	1	10399
1889517	512	1035573	866	0	0	21543	1	10519
1891136	512	1036735	870	0	0	21777	1	10633
1892739	512	1037954	874	0	0	22011	1	10747
1894324	512	1039230	879	0	0	22245	1	10861
1895880	512	1040572	884	0	0	22470	1	10971
1897405	512	1041980	890	0	0	22695	1	11081
1898845	512	1043421	896	0	0	22273	1	10875
1900241	512	1044933	903	0	0	22498	1	10985
1901564	512	1046505	911	0	0	22478	2	10945
1902817	512	1048132	918	0	0	22458	2	10905
1904008	512	1049803	923	0	0	22438	2	10865
1905157	512	1051501	927	0	0	22418	2	10825
1906284	512	1053235	930	0	0	22593	2	8756
1907396	512	1054993	932	0	0	22745	2	8815
1908505	512	1056770	933	0	0	22897	2	8874
1909622	512	1058560	933	0	0	23049	2	8933
1910747	512	1060362	933	0	0	23201	2	8992
1911879	512	1062176	933	0	0	23353	2	9050
1913019	512	1064001	933	0	0	23505	2	9109
1914166	512	1065838	933	0	0	23657	2	9168
1915314	512	1067690	933	0	0	23808	2	9227
1916464	512	1069557	934	0	0	23962	2	9287
1917604	512	1071447	936	0	0	24116	2	9346
1918722	512	1073367	938	0	0	24278	2	9409
1919817	512	1075317	941	0	0	24440	2	9472
1920878	512	1077303	944	0	0	24609	2	9537
1921903	512	1079326	948	0	0	24776	2	9602
1922878	512	1081390	953	0	0	24943	2	9667
1923795	512	1083497	958	0	0	25110	2	9731
1924646	512	1085648	963	0	0	25281	2	9798
1925429	512	1087841	969	0	0	25452	2	9864
1926149	512	1090073	974	0	0	25627	2	9932
1926812	512	1092339	978	0	0	25800	2	9999
1927437	512	1094633	981	0	0	25977	2	10067
1928032	512	1096953	983	0	0	26154	2	10136
1928616	512	1099292	984	0	0	26335	2	10206
1929183	512	1101652	986	0	0	26516	2	10276
1929717	512	1104037	989	0	0	26701	2	10348
1930203	512	1106450	992	0	0	26884	2	10419
1930647	512	1108888	995	0	0	27067	2	10490
1931041	512	1111351	999	0	0	27250	2	10561
1931385	512	1113838	1002	0	0	27426	2	10629
1931700	512	1116346	1004	0	0	27602	2	10697
1932010	512	1118871	1004	0	0	27778	2	10766
1932314	512	1121411	1004	0	0	27945	2	10830
1932612	512	1123967	1006	0	0	28112	2	10895
1932872	512	1126544	1008	0	0	28279	2	10960
1933092	560	1129114	1011	4	-8	28245	3	10920
1933218	899	1131652	1018	28	-13	28211	3	10880
1933259	1379	1134193	1022	32	-21	28174	3	10840
1933239	1863	1136718	2	31	-22	28118	3	10800
1933157	2311	1139240	6	30	-23	28059	3	10760
1933022	2726	1141756	10	28	-23	28001	3	10720
1932840	3096	1144285	12	26	-23	28112	3	8150
1932650	3421	1146828	12	24	-23	28202	3	8176
1932459	3698	1149384	12	22	-23	28293	3	8202
1932267	3927	1151952	12	20	-23	28385	3	8229
1932074	4107	1154533	12	17	-23	28478	3	8256
1931887	4222	1157119	11	14	-23	28478	3	8464
1931719	4279	1159786	10	11	-23	29291	3	8491
1931576	4270	1162465	8	8	-23	29386	3	8519
1931441	4191	1165158	8	4	-23	29483	3	8547
1931316	4097	1167862	7	6	-33	29581	3	8576
1931208	4090	1170575	6	0	-55	29681	3	8605
1931122	3943	1173300	5	-3	-72	29781	3	8634
1931021	3843	1176093	4	0	-70	29881	3	8663
1930968	3800	1178838	3	0	-67	29983	3	8692
1930930	3742	1181591	2	0	-64	30083	3	8721
1930862	3762	1184345	1	-6	-68	30083	3	8932
1930758	3773	1187184	8	2	-70	30910	3	8961
1930584	3773	1190018	11	0	-71	31011	3	8990
1930335	3770	1192855	13	0	-71	31109	3	9019
1930052	3790	1195697	18	3	-79	31207	3	9047
1929693	3819	1198540	22	0	-79	31305	3	9075
1929205	3895	1201371	28	3	-84	31402	3	9103
1928643	3983	1204198	34	6	-84	31500	3	9132
1928013	4069	1207007	37	4	-84	31456	3	9119
1927316	4123	1209810	41	3	-83	31552	3	9147
1926529	4217	1212597	46	7	-83	31649	3	9175
1925686	4317	1215378	49	6	-83	31746	3	9203
1924778	4422	1218146	53	6	-80	31840	3	9230
1923785	4563	1220893	58	9	-81	31937	3	9259
1922723	4700	1223624	61	7	-81	32034	3	9287
1921600	4798	1226342	65	5	-81	32129	3	9314
1920366	4919	1229018	73	8	-82	32225	3	9342
1919031	5031	1231657	78	5	-82	32322	3	9370
1917599	5092	1234258	84	3	-81	32423	3	9399
1916031	5173	1236788	93	5	-81	32526	3	9429
1914341	5226	1239251	100	2	-80	32630	3	9459
1912537	5236	1241645	108	0	-84	32733	3	9489
1910581	5263	1243929	118	0	-80	32843	3	9521
1908513	5213	1246126	126	-4	-80	32951	3	9553
1906339	5092	1248231	133	-8	-80	33059	3	9584
1904047	4966	1250221	143	-6	-80	33170	3	9616
1901658	4823	1252111	149	-8	-81	33283	3	9649
1899189	4667	1253914	155	-8	-86	33394	3	9681
1896646	4517	1255629	162	-8	-86	33507	3	9714
1894043	4339	1257269	165	-10	-86	33620	3	9747
1891391	4158	1258848	170	-9	-80	33735	3	9780
1888682	4007	1260355	175	-7	-80	33851	3	9813
1885929	3856	1261803	178	-8	-81	33965	3	9847
1883127	3741	1263178	184	-4	-81	34078	3	9879
1880275	3638	1264476	188	-6	-81	34194	3	9913
1877384	3496	1265707	191	-8	-81	34308	3	9946
1874445	3375	1266849	198	-5	-81	34423	3	9979
1871460	3247	1267900	203	-8	-81	34539	3	10013
1868428	3138	1268842	209	-4	-79	34656	3	10047
1865361	3039	1269711	212	-6	-79	34775	3	10081
1862269	2900	1270527	215	-8	-79	34892	3	10115
1859142	2802	1271242	222	-3	-79	35011	3	10150
1855982	2727	1271865	226	-4	-80	35131	3	10185
1852794	2659	1272398	231	-3	-86	35248	3	10218
1849581	2587	1272833	236	-3	-82	35366	3	10253
1846345	2538	1273174	241	-2	-80	35486	3	10287
1843089	2496	1273422	245	-2	-84	35606	3	10322
1839817	2447	1273598	248	-3	-82	35726	3	10357
1836531	2462	1273675	254	2	-80	35846	3	10392
1833233	2480	1273657	258	0	-80	35965	3	10426
1829925	2454	1273569	262	-2	-80	36081	3	10460
1826612	2468	1273358	269	3	-80	36198	3	10494
1823297	2498	1273035	274	0	-80	36316	3	10528
1819988	2522	1272580	281	2	-81	36426	3	10560
1816687	2522	1272003	286	0	-81	36537	3	10592
1813398	2509	1271306	293	0	-81	36648	3	10624
1810139	2517	1270446	302	0	-81	36759	3	10657
1806913	2475	1269432	308	-3	-81	36870	3	10689
1803743	2450	1268270	317	0	-81	36810	4	10649
1800625	2414	1266985	322	-2	-82	36756	4	10609
1797546	2349	1265624	325	-4	-82	36699	4	10569
1794514	2313	1264172	332	0	-82	36644	4	10529
1791521	2291	1262624	335	-2	-82	36736	4	9136
1788569	2301	1260986	341	3	-82	36807	4	9154
1785654	2340	1259268	344	0	-82	36879	4	9172
1782766	2314	1257493	347	0	-82	36947	4	9189
1779927	2361	1255631	353	4	-82	37016	4	9206
1777137	2416	1253685	357	2	-82	37085	4	9223
1774412	2497	1251639	364	6	-82	37155	4	9241
1771755	2589	1249495	369	3	-82	37226	4	9258
1769158	2654	1247269	373	3	-87	37295	4	9275
1766627	2751	1244958	379	6	-87	37365	4	9293
1764160	2853	1242571	383	4	-86	37435	4	9310
1761775	2971	1240094	390	7	-86	37504	4	9327
1759472	3090	1237531	395	5	-85	37574	4	9345
1757273	3228	1234873	403	8	-85	37647	4	9363
1755180	3348	1232121	408	4	-84	37722	4	9382
1753167	3393	1229299	413	0	-84	37795	4	9400
1751296	3473	1226373	423	4	-79	37870	4	9418
1749554	3524	1223359	429	0	-80	37946	4	9437
1747964	3565	1220258	440	4	-80	38018	4	9455
1746546	3602	1217066	447	0	-80	38092	4	9474
1745255	3559	1213813	454	-3	-80	38168	4	9493
1744125	3512	1210493	463	0	-80	38246	4	9512
1743119	3489	1207124	466	-2	-80	38326	4	9532
1742201	3489	1203722	472	2	-80	38404	4	9551
1741379	3509	1200289	475	0	-80	38483	4	9571
1740656	3552	1196827	481	4	-80	38560	4	9590
1740021	3597	1193341	484	2	-80	38638	4	9609
1739450	3617	1189837	487	0	-80	38714	4	9628
1738984	3675	1186311	494	5	-80	38791	4	9648
1738627	3761	1182766	497	3	-80	38869	4	9667
1738369	3846	1179205	502	4	-81	38945	4	9686
1738157	3925	1175633	503	4	-81	39020	4	9704
1737993	4036	1172053	506	6	-81	39095	4	9723
1737877	4155	1168464	508	5	-81	39170	4	9742
1737815	4237	1164866	511	3	-81	39246	4	9761
1737813	4272	1161260	512	2	-81	39323	4	9780
1737811	4271	1157647	512	0	-82	39400	4	9799
1737810	4210	1154029	512	-2	-83	39478	4	9818
1737809	4163	1150401	512	-2	-83	39557	4	9838
1737812	4124	1146766	513	0	-82	39637	4	9858
1737842	4116	1143124	514	0	-82	39719	4	9878
1737894	4108	1139474	515	0	-82	39800	4	9898
1737979	4095	1135817	516	0	-82	39881	4	9919
1738044	4083	1132152	515	0	-82	39962	4	9939
1738087	4067	1128480	514	0	-80	40041	4	9958
1738107	4065	1124801	513	0	-80	40120	4	9978
1738105	4063	1121117	512	0	-80	40199	4	9998
1738103	4061	1117425	512	0	-80	40280	4	10018
1738096	4082	1113723	511	2	-77	40361	4	10038
1738061	4124	1110014	510	2	-78	40442	4	10058
1738036	4143	1106298	511	0	-79	40522	4	10078
1738034	4104	1102577	512	0	-79	40602	4	10098
1738032	4047	1098848	512	0	-79	40683	4	10118
1738030	3972	1095112	512	-2	-79	40766	4	10139
1738028	3832	1091366	512	-4	-79	40849	4	10159
1738026	3628	1087613	512	-6	-79	40934	4	10181
1738024	3359	1083853	512	-8	-79	41020	4	10202
1738022	3026	1080088	512	-11	-79	41104	4	10223
1738020	2605	1076319	512	-14	-79	41189	4	10244
1738031	2154	1072526	513	-12	-70	41278	4	10266
1738036	1744	1068741	511	-12	-60	41369	4	10289
1738034	1339	1064949	512	-14	-46	41458	4	10311
1738033	889	1061151	512	-15	-28	41547	4	10333
1738042	668	1057312	512	0	-20	41638	4	10356
1738040	657	1053487	512	0	-18	41729	4	10378
1738038	637	1049655	512	0	-15	41812	4	10399
1738036	608	1045815	512	0	-11	41895	4	10420
1738034	575	1041968	512	0	-6	41978	4	10440
1738032	552	1038113	512	0	-3	42061	4	10461
1738030	550	1034250	512	0	-3	42143	4	10481
1738028	548	1030380	512	0	-3	42225	4	10502
1738026	546	1026503	512	0	-3	42302	4	10521
1738024	544	1022619	512	0	-3	42379	4	10540
1738022	542	1018728	512	0	-3	42456	4	10559
1738020	540	1014830	512	0	-3	42533	4	10578
1738018	538	1010925	512	0	-3	42610	4	10597
1738016	536	1007013	512	0	-3	42687	4	10617
1738014	534	1003108	512	0	-3	42609	5	10577
1738012	532	999210	512	0	-3	42531	5	10537
1738010	530	995319	512	0	-3	42453	5	10497
1738008	560	991435	512	0	2	42375	5	10457
1738006	558	987558	512	0	2	42297	5	10417
1738004	556	983688	512	0	2	42219	5	10377
1737991	554	979813	511	0	2	42276	5	8571
1737953	552	975933	510	0	2	42314	5	8578
1737879	550	972049	508	0	2	42352	5	8586
1737757	548	968164	506	0	2	42390	5	8594
1737575	546	964276	503	0	2	42428	5	8602
1737322	544	960389	500	0	2	42466	5	8609
1737009	542	956503	498	0	2	42504	5	8617
1736672	540	952616	498	0	2	42542	5	8625
1736335	538	948725	498	0	2	42580	5	8632
1735997	536	944831	498	0	2	42618	5	8640
1735659	534	940933	498	0	2	42656	5	8648
1735321	532	937032	498	0	2	42694	5	8655
1734982	530	933127	498	0	2	42732	5	8663
1734655	528	929217	499	0	2	42770	5	8671
1734352	526	925302	500	0	2	42808	5	8679
1734085	524	921381	502	0	2	42846	5	8686
1733858	968	917543	503	36	0	42884	5	8694
1733677	2183	913822	506	68	0	42922	5	8702
1733578	3770	910223	509	68	0	42944	5	8706
1733557	5363	906622	513	68	-2	42951	5	8708
1733626	6954	903021	518	68	-4	42958	5	8709
1733816	8545	899423	523	68	-6	42965	5	8710
1734116	10136	895831	528	68	-8	42972	5	8712
1734514	11721	892249	532	67	-10	42979	5	8713
1734989	13285	888666	535	66	-10	42986	5	8715
1735520	14833	885080	537	66	-11	42994	5	8716
1736069	16378	881508	537	66	-11	42865	5	8690
1736614	17912	877961	537	66	-11	42736	5	8664
1737142	19429	874453	536	66	-11	42607	5	8638
1737647	20958	870961	535	68	-8	42478	5	8612
1738118	22522	867458	533	68	-7	42349	5	8585
1738546	24088	863944	531	68	-6	42219	5	8559
1738918	25649	860434	528	68	-5	42089	5	8533
1739225	27205	856929	525	68	-4	41959	5	8506
1739455	28746	853430	521	67	-3	41832	5	8481
1739599	30242	849928	516	66	0	41705	5	8455
1739659	31694	846424	514	65	0	41555	5	8429
1739700	33107	842911	514	63	0	41555	5	8399
1739741	34459	839381	514	61	0	41555	5	8374
1739782	35749	835833	514	59	0	41555	5	8348
1739823	36978	832268	514	57	0	41555	5	8324
1739864	38145	828687	514	55	0	41555	5	8299
1739905	39250	825090	514	52	0	41555	5	8276
1739948	40270	821471	514	49	0	41555	5	8253
1739990	41206	817830	514	46	0	41555	5	8230
1740032	42056	814169	514	42	0	41555	5	8208
1740075	42798	810483	514	38	0	41555	5	8186
1740118	43432	806774	514	34	0	41555	5	8165
1740161	43956	803046	514	30	0	41555	5	8145
1740204	44371	799299	514	25	0	41555	5	8281
1740248	44653	795532	514	20	0	41555	5	8418
1740292	44801	791749	514	15	0	41555	5	8554
1740336	44815	787954	514	10	0	41555	5	8691
1740380	44694	784150	514	4	0	41555	5	8829
1740424	44415	780340	514	-2	0	41555	5	8966
1740468	43978	776529	514	-8	0	41555	5	9104
1740512	43383	772722	514	-15	0	41555	5	9243
1740556	42606	768927	514	-22	0	41555	5	9382
1740600	41649	765150	514	-29	0	41555	5	9521
1740648	41277	761362	515	28	0	41555	5	9661
1740692	42437	757756	510	62	0	41457	5	9802
1740719	43939	753946	508	62	0	44757	5	9093
1740748	45592	750243	506	63	7	44521	5	9047
1740781	47139	746497	504	60	2	44279	5	8999
1740842	48608	742756	501	57	9	44030	5	8949
1740910	50138	739066	498	71	8	43782	5	8900
1740990	51817	735452	495	70	10	43528	5	8850
1741074	53459	731851	492	69	10	43256	5	8797
1741188	55054	728267	487	67	10	42976	5	8742
1741285	56578	724686	482	65	10	42693	5	8686
1741364	58071	721109	478	63	14	42402	5	8629
1741470	59510	717548	473	60	18	42098	5	8570
1741459	60886	713967	468	57	22	42098	5	8509
1741332	62198	710370	463	53	26	42098	5	8484
1741084	63426	706754	458	49	30	42098	5	8616
1740714	64568	703124	453	45	34	42098	5	8747
1740221	65625	699486	448	41	38	42098	5	8879
1739603	66596	695844	443	36	42	42098	5	9011
1738858	67458	692200	438	31	45	42098	5	9143
1737985	68204	688558	433	25	48	42098	5	9274
1736983	68812	684919	428	19	51	42098	5	9407
1735854	69281	681292	423	13	54	42098	5	9540
1734599	69611	677686	418	6	57	42098	5	9673
1733218	69775	674106	413	0	60	42098	5	9807
1731716	69799	670562	408	-8	62	42098	5	9941
1730096	69629	667059	404	-16	64	42098	5	10076
1728386	69266	663597	399	-24	66	42098	5	10211
1726571	68708	660196	394	-33	67	42098	5	10347
1724662	67930	656866	389	-42	68	42098	5	10484
1722670	66931	653618	384	-51	69	42098	5	10621
1720605	65714	650462	379	-60	69	42098	5	10759
1718482	64277	647405	374	-69	69	42098	5	10899
1716313	62622	644456	369	-78	69	42098	5	11038
1714111	60754	641621	364	-87	68	42098	5	10942
1711893	58673	638907	359	-96	67	42098	5	11084
1709672	56384	636318	353	-105	66	42098	5	10990
1707447	53893	633870	347	-114	64	42098	5	11135
1705238	51202	631567	341	-122	62	42098	5	11043
1703051	48338	629401	335	-130	60	42098	5	10953
1700897	45306	627372	328	-138	57	42098	5	11101
1698783	42111	625490	321	-146	53	42098	5	11012
1696729	38754	623752	313	-154	48	42098	5	10925
1694746	35243	622164	305	-161	43	42098	5	11075
1692829	31599	620712	296	-168	37	42098	5	10989
1690165	29509	619092	298	-10	12	42086	5	11141
1686189	30093	617262	272	0	23	48515	5	9836
1681710	30272	616961	260	11	39	49022	5	9844
1677276	30655	616864	261	9	47	48555	5	9847
1672833	30936	616725	261	13	58	48585	5	9850
1668396	31333	616624	262	15	75	48615	5	9856
1663959	31730	616459	266	13	83	48645	5	9862
1659519	32034	616171	267	12	86	48675	5	9868
1655074	32286	615868	267	10	90	48705	5	9874
1650615	32618	615688	265	9	64	48736	5	9880
1646156	32859	615502	260	10	49	48768	5	9887
1641690	33093	615430	257	10	38	48800	5	9893
1637219	33297	615413	256	8	30	48832	5	9900
1632742	33429	615424	255	6	22	48864	5	9906
1628261	33488	615462	254	4	13	48897	5	9913
1623776	33476	615527	253	0	4	48923	5	9920
1619290	33338	615607	253	-3	-4	48923	5	10053
1614805	33098	615687	253	-6	-13	48923	5	10186
1610322	32757	615767	253	-9	-22	48923	5	10320
1605843	32316	615847	253	-13	-30	48923	5	10454
1601371	31747	615927	253	-16	-38	48923	5	10588
1596907	31078	616007	253	-20	-46	48923	5	10721
1592455	30282	616086	253	-24	-54	48923	5	10855
1587582	29826	616355	234	-8	-51	53293	5	10861
1582745	29940	617003	233	-6	9	53118	5	10811
1577927	29729	617714	231	-6	10	53146	5	10775
1573114	29569	618487	228	0	11	53173	5	10780
1568307	29551	619319	228	0	8	53200	5	10785
1563498	29509	620150	228	0	6	53224	5	10790
1558683	29482	620967	229	-3	9	53248	5	10795
1553855	29381	621755	230	-3	3	53269	5	10799
1549027	29347	622513	231	0	0	53292	5	10804
1544193	29347	623243	233	0	0	53315	5	10809
1539347	29425	623875	238	6	-13	53336	5	10813
1534484	29665	624357	239	7	-27	53357	5	10817
1529619	29898	624833	239	7	-38	53376	5	10821
1524752	30122	625309	239	6	-50	53394	5	10825
1519881	30329	625763	241	6	-68	53412	5	10828
1515003	30500	626170	242	5	-81	53431	5	10832
1510120	30706	626541	244	5	-91	53450	5	10836
1505229	30864	626848	248	6	-97	53469	5	10840
1500331	31050	627059	250	6	-102	53488	5	10844
1495430	31208	627207	251	5	-103	53507	5	10848
1490525	31309	627342	252	3	-104	53526	5	10852
1485619	31341	627460	252	0	-105	53526	5	10825
1480712	31266	627578	252	-2	-106	53526	5	10955
1475805	31112	627696	252	-4	-107	53526	5	11085
1470899	30879	627814	252	-6	-108	53526	5	10978
1465995	30568	627932	252	-8	-109	53526	5	11109
1461025	30175	628021	253	-11	-110	54270	5	11002
1456057	29889	628055	254	-8	-76	53751	5	10897
1451130	29620	628096	255	-4	-52	53777	5	10902
1446187	29521	628099	257	0	-32	53802	5	10908
1441239	29514	628044	258	0	-32	53825	5	10912
1436302	29495	627950	260	0	-29	53846	5	10916
1431365	29467	627795	262	0	-25	53867	5	10921
1426428	29430	627580	264	0	-20	53888	5	10925
1421478	29496	627326	264	0	-21	53909	5	10929
1416539	29485	627081	264	0	-20	53930	5	10933
1411598	29465	626836	264	0	-17	53951	5	10938
1406655	29436	626591	264	0	-13	53972	5	10942
1401710	29397	626330	266	0	-7	53993	5	10946
1396753	29380	626006	267	0	-4	54014	5	10950
1391810	29369	625653	268	0	-3	54035	5	10955
1386867	29349	625270	269	0	0	54056	5	10959
1381926	29349	624842	272	0	0	54077	5	10963
1376993	29338	624324	274	0	0	54098	5	10968
1372065	29309	623745	277	0	0	54119	5	10972
1367145	29262	623106	277	0	0	54119	5	11102
1362225	29197	622467	277	-2	0	54119	5	10994
1357304	29052	621827	277	-4	0	54119	5	11124
1352384	28828	621187	277	-6	0	54119	5	11017
1347466	28525	620548	277	-8	0	54119	5	10910
1342550	28143	619909	277	-11	0	54119	5	11042
1337640	27652	619270	277	-14	0	54119	5	10935
1332737	27052	618632	277	-17	0	54119	5	11067
1327842	26343	617996	277	-20	0	54119	5	10962
1322957	25525	617361	277	-23	0	54119	5	11095
1318084	24599	616727	277	-27	0	54119	5	10991
1313230	23535	616096	277	-31	0	54119	5	11125
1308397	22333	615468	277	-35	0	54119	5	11021
1303588	20993	614843	277	-39	0	54119	5	10919
1298807	19517	614221	277	-44	0	54119	5	11055
1294064	17876	613604	277	-49	0	54119	5	10953
1289363	16071	612993	277	-54	0	54119	5	11091
1284709	14103	612388	277	-60	0	54119	5	10991
1280117	11945	611791	277	-66	0	54119	5	11130
1275593	9600	611203	277	-71	0	54119	5	11032
1271131	7098	610623	277	-77	0	54119	5	10934
1266749	4414	610053	277	-83	0	54119	5	11076
1262358	1770	609480	277	-69	0	54119	5	10980
1257569	931	608873	276	-6	0	54087	5	11123
1252618	873	608290	273	-6	0	54328	5	11020
1247713	671	607804	271	-6	0	53772	5	10908
1243160	1974	607330	274	77	-6	53764	5	10906
1238911	4424	606874	271	84	-7	53754	5	10905
1234682	6922	606508	268	86	-10	53718	5	10898
1230683	9720	606220	267	118	-4	53682	5	10890
1227109	13088	606003	264	125	-10	53644	5	10883
1223583	16505	605854	260	124	-5	53604	5	10875
1220750	20329	605791	257	190	0	53562	5	10867
1219250	24986	605811	245	212	11	53520	5	10859
1217943	29705	605940	231	211	25	53476	5	10850
1217368	34421	606197	866	235	-607	53430	5	10841
1218375	39177	606597	834	215	-576	53382	5	10832
1219551	43889	607119	839	208	-581	53334	5	10822
1221403	48219	607783	813	152	-550	53284	5	10813
1224573	51807	608625	812	129	-546	53232	5	10802
1227892	55239	609583	817	128	-548	53178	5	10792
1231534	58063	610681	817	72	-539	53124	5	10781
1235904	59656	612007	820	42	-522	53068	5	10770
1240366	60941	613418	821	46	-530	53008	5	10759
1244824	61716	614864	826	11	-515	52950	5	10747
1249278	61042	616491	831	-33	-506	52890	5	10736
1253682	59904	618144	833	-38	-497	52849	5	10727
1258017	58637	619811	837	-45	-481	52831	5	10723
1261582	56153	621661	865	-108	-452	52811	5	10720
1264726	53024	623588	868	-111	-444	52792	5	10717
1267877	49894	625506	869	-110	-443	52801	5	10718
1270113	46300	627553	951	-157	-349	52811	5	10720
1271296	42154	629753	953	-157	-336	52819	5	10722
1272446	37993	631947	954	-156	-344	52838	5	10727
1273165	33869	634207	1021	-156	-259	52855	5	10731
1272482	29800	636691	50	-146	-199	52868	5	10734
1271448	25785	639205	53	-144	-193	52887	5	10737
1270405	21773	641721	52	-143	-194	52907	5	10740
1268826	18131	644331	85	-118	-60	52931	5	10744
1266564	14843	647104	75	-125	-49	52958	5	10749
1264587	11335	649868	74	-126	-49	52977	5	10752
1262635	7789	652625	72	-127	-49	52977	5	10890
1260727	4204	655386	71	-128	-49	52977	5	11038
1258213	2131	658200	121	16	-38	52977	5	10949
1254413	3408	661086	127	41	-48	53627	5	10965
1250685	4542	663952	126	41	-48	52771	5	10875
1247454	5804	667223	125	38	-44	52039	5	10699
1244274	7058	670422	129	48	-40	51126	5	10529
1241119	8408	673505	130	46	-44	50342	5	10368
1237984	9701	676526	132	49	-48	49571	5	10209
1234867	11015	679452	134	48	-48	48813	5	10053
1231755	12283	682301	136	47	-49	48067	5	9899
1228652	13506	685073	138	46	-49	47333	5	9748
1225566	14689	687779	139	46	-49	46610	5	9599
1222520	15858	690434	139	46	-49	45899	5	9453
1219521	17009	693049	139	46	-49	45198	5	9308
1216568	18143	695624	139	46	-49	44503	5	9165
1213668	19262	698167	138	46	-49	43820	5	9025
1210827	20377	700682	137	48	-51	43150	5	8887
1208065	21506	703179	135	48	-49	42490	5	8751
1205358	22606	705658	135	47	-49	41842	5	8617
1202678	23665	708095	136	46	-51	41206	5	8486
1200020	24695	710483	137	46	-51	40581	5	8358
1197380	25705	712812	139	45	-52	39968	5	8231
1194775	26682	715083	139	45	-52	39365	5	8107
1192217	27682	717313	139	48	-52	38774	5	7985
1189698	28693	719520	138	48	-51	38194	5	7866
1187238	29677	721716	136	48	-49	37622	5	7748
1184808	30630	723914	136	47	-48	37355	5	7633
1182381	31542	726109	136	45	-46	37236	5	7578
1179945	32396	728311	136	44	-45	37236	5	7685
1177505	33212	730517	136	42	-44	37236	5	7821
1175057	33969	732731	136	40	-43	37236	5	7957
1172601	34669	734952	136	38	-42	37236	5	8092
1170138	35309	737179	136	35	-41	37236	5	8228
1167664	35871	739416	136	32	-39	37236	5	8363
1165181	36353	741661	136	29	-38	37236	5	8498
1162689	36755	743914	136	25	-36	37236	5	8634
1160187	37056	746177	136	22	-34	37236	5	8769
1157678	37277	748446	136	18	-33	37236	5	8904
1155162	37397	750721	136	14	-31	37236	5	9040
1152640	37415	753002	136	10	-30	37236	5	9175
1150113	37332	755287	136	5	-28	37236	5	9310
1147583	37126	757575	136	0	-27	37236	5	9446
1145052	36799	759865	136	-5	-25	37236	5	9582
1142522	36348	762153	136	-11	-23	37236	5	9718
1139996	35753	764437	136	-17	-22	37236	5	9854
1137478	35015	766714	136	-23	-21	37236	5	9991
1134972	34134	768981	136	-30	-20	37236	5	10128
1132483	33091	771232	136	-36	-18	37236	5	10265
1130013	31907	773466	136	-43	-16	37236	5	10403
1127569	30562	775676	136	-50	-15	37236	5	10541
1124953	29804	778012	137	0	0	37224	5	10680
1121800	29797	780781	140	0	-2	44946	5	9112
1118643	29762	783432	144	0	-3	44979	5	9119
1115427	29709	786016	147	0	-4	45012	5	9125
1112160	29702	788542	150	0	6	45045	5	9132
1108829	29728	791009	154	0	0	45078	5	9139
1105448	29701	793387	158	0	0	45109	5	9145
1102007	29656	795683	162	0	0	45140	5	9151
1098515	29593	797906	165	0	0	45159	5	9158
1094995	29608	800056	168	0	4	45000	5	9161
1091420	29607	802121	173	0	0	45033	5	9130
1087794	29574	804098	176	0	0	45048	5	9136
1084132	29523	806009	179	0	0	45061	5	9139
1080435	29454	807852	182	0	0	45070	5	9142
1076703	29395	809627	185	0	0	45077	5	9143
1072939	29377	811334	188	0	0	45084	5	9145
1069143	29352	812971	191	0	0	45089	5	9146
1065318	29352	814539	194	0	0	45092	5	9147
1061465	29352	816036	198	0	0	45093	5	9148
1057572	29352	817426	203	0	0	45094	5	9148
1053642	29352	818708	206	0	0	45097	5	9148
1049688	29352	819917	210	0	0	45098	5	9149
1045702	29352	821017	214	0	0	45099	5	9149
1041692	29352	822019	218	0	0	45098	5	9149
1037658	29352	822922	222	0	0	45095	5	9149
1033650	29803	823655	232	39	-14	45090	5	9149
1029668	30771	824190	236	39	-15	45085	5	9147
1025676	31731	824628	241	38	-16	45064	5	9143
1021669	32648	824944	245	36	-16	45041	5	9139
1017646	33498	825162	250	34	-17	45021	5	9135
1013608	34302	825257	254	33	-22	45000	5	9131
1009567	35061	825253	259	31	-27	44976	5	9127
1005519	35751	825125	264	29	-31	44950	5	9122
1001470	36372	824873	268	27	-35	44919	5	9117
997422	36929	824546	273	24	-39	44883	5	9111
993372	37409	824167	274	22	-43	44850	5	9103
989318	37822	823762	275	19	-46	44850	5	9227
985257	38143	823330	276	16	-50	44850	5	9361
981190	38372	822873	277	13	-53	44850	5	9495
977119	38508	822390	278	10	-57	44850	5	9629
973045	38553	821880	279	6	-61	44850	5	9762
968970	38480	821345	280	2	-65	44850	5	9896
964895	38289	820783	281	-3	-68	44850	5	10030
960823	37955	820197	282	-8	-71	44850	5	10163
956758	37478	819585	283	-13	-74	44850	5	10298
952704	36857	818950	284	-18	-77	44850	5	10432
948281	36769	817885	302	6	-77	48133	5	9762
944066	36867	816572	309	2	-77	48156	5	9767
939919	36917	815051	319	4	-77	48166	5	9769
935860	36946	813306	326	0	-77	48176	5	9772
931902	37008	811339	333	-4	-76	48185	5	9774
928009	36847	809252	340	-7	-76	48194	5	9776
924301	36963	806840	347	-11	-77	48203	5	9778
920663	36827	804338	363	3	-77	48211	5	9780
917213	36844	801572	370	0	-77	48225	5	9782
913883	36792	798659	377	-3	-78	48234	5	9783
910687	36677	795601	385	-6	-80	48249	5	9786
907690	36606	792345	395	-4	-86	48267	5	9789
904867	36511	788934	404	-5	-79	48291	5	9793
902229	36350	785375	413	-7	-84	48328	5	9798
899780	36140	781682	421	-8	-84	48365	5	9805
897553	35986	777845	430	-9	-77	48403	5	9813
895505	35757	773909	439	-8	-87	48442	5	9821
893657	35559	769869	446	-6	-87	48481	5	9829
891949	35367	765763	450	-10	-84	48520	5	9837
890390	35160	761596	459	-4	-84	48558	5	9844
889010	35020	757360	463	-6	-84	48597	5	9852
887747	34853	753084	468	-6	-79	48634	5	9860
886605	34673	748772	473	-7	-81	48673	5	9868
885683	34631	744399	478	-8	-83	48712	5	9876
884884	34569	740002	485	0	-88	48752	5	9884
884179	34542	735583	488	0	-87	48793	5	9892
883573	34552	731147	492	0	-81	48829	5	9899
883091	34606	726692	498	4	-81	48865	5	9907
882742	34727	722221	501	5	-76	48901	5	9914
882461	34838	717744	503	3	-76	48936	5	9921
882211	34898	713260	503	2	-77	48971	5	9928
881961	34913	708772	503	0	-78	49006	5	9935
881710	34856	704281	503	0	-79	49042	5	9942
881471	34774	699786	504	-3	-80	49078	5	9950
881260	34590	695287	505	-6	-81	49114	5	9957
881076	34305	690785	506	-9	-82	49152	5	9965
880908	33926	686287	506	-11	-83	49152	5	10100
880750	33462	681728	507	-15	-84	49857	5	10108
880608	32875	677177	507	-18	-85	49857	5	10243
880466	32187	672634	507	-22	-86	49857	5	10379
880324	31369	668105	507	-25	-87	49857	5	10515
880183	30450	663588	507	-29	-88	49857	5	10650
880099	29716	659009	509	-16	-35	49857	5	10786
880052	29531	654081	511	0	-25	53239	5	10793
880049	29511	649196	513	0	-24	53271	5	10800
880047	29491	644311	512	0	-22	53292	5	10804
880045	29462	639424	512	0	-18	53313	5	10808
880043	29424	634536	512	0	-12	53334	5	10813
880060	29445	629633	513	0	-16	53355	5	10817
880103	29432	624739	515	0	-15	53376	5	10821
880206	29411	619843	516	0	-12	53397	5	10825
880339	29381	614946	517	0	-8	53418	5	10830
880517	29345	610049	520	0	-3	53439	5	10834
880785	29342	605153	523	0	-3	53460	5	10838
881143	29339	600262	525	0	-3	53481	5	10842
881561	29336	595373	528	0	-3	53502	5	10847
882084	29333	590492	532	0	-3	53523	5	10851
882727	29330	585624	536	0	-3	53544	5	10855
883489	29360	580772	540	0	3	53565	5	10859
884370	29350	575938	544	0	0	53586	5	10864
885385	29350	571130	549	0	0	53607	5	10868
886548	29350	566353	554	0	0	53628	5	10872
887858	29350	561613	559	0	0	53649	5	10876
889284	29350	556906	561	0	0	53654	5	10881
890768	29350	552216	564	0	0	53657	5	10882
892352	29350	547559	568	0	0	53660	5	10882
894049	29350	542943	572	0	0	53661	5	10883
895859	29350	538369	576	0	0	53660	5	10883
897781	29350	533841	580	0	0	53657	5	10883
899813	29350	529362	584	0	0	53654	5	10882
901990	29648	525036	595	26	-20	53649	5	10882
904461	31320	521203	613	73	-44	53642	5	10881
907069	33435	517616	617	72	-46	53621	5	10877
909768	35535	514093	621	72	-52	53591	5	10871
912554	37594	510631	625	70	-55	53557	5	10865
915404	39594	507196	625	69	-56	53557	5	10977
918262	41548	503751	625	68	-57	53557	5	11096
921127	43457	500298	625	67	-58	53557	5	10978
924000	45321	496834	625	66	-58	53557	5	11097
926881	47139	493361	625	64	-58	53557	5	10979
929777	48883	489870	625	62	-58	53557	5	11099
932687	50553	486362	625	60	-59	53557	5	10982
935612	52149	482837	625	57	-60	53557	5	11102
938557	53643	479287	625	54	-61	53557	5	10985
941521	55034	475714	625	51	-62	53557	5	11106
944503	56321	472119	625	48	-63	53557	5	10990
947503	57504	468503	625	45	-64	53557	5	11112
950519	58583	464868	625	41	-65	53557	5	10997
953555	59526	461209	625	37	-66	53557	5	11120
956609	60335	457528	625	33	-67	53557	5	11006
959679	61008	453827	625	28	-68	53557	5	10892
962767	61515	450104	625	23	-69	53557	5	11017
965870	61855	446363	625	18	-70	53557	5	10905
968986	62028	442608	625	13	-71	53557	5	11032
972111	62033	438842	625	7	-71	53557	5	10921
975243	61839	435067	625	0	-71	53557	5	11049
978378	61418	431289	625	-6	-72	53557	5	10941
981510	60797	427513	625	-13	-73	53557	5	11071
984635	59947	423747	625	-20	-74	53557	5	10964
987746	58869	419997	625	-27	-75	53557	5	11096
990838	57565	416271	625	-34	-76	53557	5	10992
993905	56036	412575	625	-41	-77	53557	5	11127
996941	54284	408916	625	-48	-78	53557	5	11024
999941	52310	405300	625	-56	-79	53557	5	10924
1002892	50090	401742	625	-63	-80	53557	5	11061
1005795	47655	398242	625	-71	-81	53557	5	10963
1008637	44981	394816	625	-79	-82	53557	5	11103
1011410	42073	391473	625	-87	-83	53557	5	11006
1014108	38937	388220	625	-95	-84	53557	5	10911
1016724	35578	385065	625	-103	-84	53557	5	11055
1019253	32003	382016	625	-111	-84	53557	5	10962
1021688	28220	379080	625	-119	-84	53557	5	11108
1024023	24235	376264	625	-126	-84	53557	5	11017
1026266	20078	373560	625	-133	-84	53557	5	10927
1028413	15756	370971	625	-140	-84	53557	5	11075
1030460	11274	368502	625	-147	-84	53557	5	10987
1032403	6640	366158	625	-154	-84	53557	5	11137
1034352	2054	363855	629	-142	-55	53557	5	11050
1037227	600	360666	632	-4	0	53237	5	10964
1040487	726	357130	636	-4	0	52445	5	10810
1043776	589	353733	640	-4	0	51610	5	10638
1047098	552	350466	644	-8	3	50794	5	10470
1050441	469	347336	648	0	3	49995	5	10306
1053808	457	344335	652	0	3	49212	5	10145
1057193	441	341463	655	0	0	48439	5	9985
1060577	441	338700	658	0	0	47680	5	9828
1063958	457	336042	662	0	3	46930	5	9674
1067348	487	333507	665	0	-2	46193	5	9522
1070730	485	331074	668	0	-2	45465	5	9373
1074112	577	328776	674	8	-18	44752	5	9225
1077525	999	326691	684	28	-34	44060	5	9080
1080958	1753	324837	689	30	-52	43402	5	8938
1084365	2500	323083	691	30	-60	42622	4	8898
1087722	3242	321386	692	32	-60	41857	4	8858
1091020	3987	319727	692	33	-58	41107	4	8818
1094249	4732	318086	691	33	-58	40367	4	8778
1097409	5458	316455	690	33	-58	39641	4	8738
1100497	6176	314826	688	34	-58	38931	4	8698
1103529	6892	313202	688	33	-58	38372	4	9695
1106522	7587	311598	688	33	-58	37835	4	9559
1109473	8268	310017	688	33	-58	37308	4	9426
1112383	8944	308457	688	33	-58	36786	4	9294
1115252	9610	306920	688	33	-58	36269	4	9163
1118080	10267	305404	688	33	-58	35757	4	9034
1120864	10917	303901	687	33	-58	35255	4	8907
1123600	11558	302402	686	33	-58	34761	4	8782
1126282	12193	300901	684	33	-57	34276	4	8660
1128908	12877	299410	684	39	-55	33799	4	8539
1131472	13602	297923	682	39	-55	33329	4	8421
1133982	14311	296426	680	39	-55	32866	4	8303
1136443	14996	294927	678	38	-55	32396	4	8188
1138855	15636	293416	677	36	-55	31949	4	8072
1141243	16231	291920	677	36	-52	31509	4	7961
1143597	16842	290445	677	37	-53	31079	4	7852
1145917	17472	288992	677	37	-53	30656	4	7745
1148179	18085	287576	677	37	-53	30240	4	7640
1150387	18683	286194	677	37	-53	29701	3	7600
1152586	19300	284809	677	39	-56	29170	3	7560
1154737	19932	283446	675	39	-57	28651	3	7520
1156828	20548	282072	673	40	-56	28141	3	7480
1158873	21171	280692	671	41	-56	27785	3	8183
1160868	21798	279302	669	41	-55	27435	3	8079
1162815	22422	277899	666	42	-54	27091	3	7978
1164718	23051	276492	664	43	-53	26733	3	7879
1166575	23685	275083	662	44	-52	26375	3	7774
1168369	24323	273652	658	45	-51	26048	3	7671
1170116	24961	272214	656	45	-51	25694	3	7576
1171814	25599	270763	652	46	-51	25377	3	7473
1173457	26242	269296	649	47	-51	25066	3	7382
1175060	26886	267829	647	47	-49	24759	3	7291
1176631	27524	266365	646	48	-49	24457	3	7202
1178181	28158	264920	646	48	-50	24162	3	7116
1179713	28771	263492	646	47	-51	23871	3	7030
1181228	29363	262079	646	46	-51	23584	3	6945
1182741	29930	260669	646	44	-49	23488	3	6862
1184257	30453	259256	646	42	-48	23455	3	6835
1185777	30932	257839	646	40	-46	23454	3	6826
1187302	31368	256418	646	38	-45	23454	3	7006
1188831	31760	254992	646	35	-44	23454	3	7213
1190367	32096	253560	646	32	-42	23454	3	7419
1191909	32375	252123	646	28	-41	23454	3	7626
1193458	32584	250679	646	25	-40	23454	3	7833
1195012	32736	249231	646	21	-39	23454	3	8040
1196572	32818	247778	646	16	-38	23454	3	8247
1198136	32816	246320	646	11	-36	23454	3	8456
1199704	32730	244858	646	6	-34	23454	3	8664
1201275	32561	243394	646	0	-33	23454	3	8873
1202847	32295	241929	646	-5	-31	23454	3	9083
1204418	31945	240465	646	-10	-30	23454	3	9294
1205987	31511	239003	646	-16	-29	23454	3	9505
1207551	30980	237545	646	-22	-28	23454	3	9716
1209109	30352	236093	646	-28	-27	23454	3	9928
1210733	29931	234573	646	-8	-15	23438	3	10141
1212707	29806	232701	643	-4	-3	29202	3	8466
1214608	29715	230805	639	-4	-2	29308	3	8496
1216463	29653	228850	635	0	-9	29412	3	8527
1218271	29654	226839	630	-3	-4	29516	3	8557
1220023	29616	224766	625	-4	-4	29618	3	8586
1221722	29547	222637	621	-2	-8	29722	3	8616
1223388	29521	220470	618	-5	-3	29824	3	8646
1225040	29445	218280	617	-7	-5	29925	3	8675
1226689	29367	216078	617	-3	-2	30027	3	8705
1228345	29341	213867	617	0	-3	30131	3	8735
1230014	29339	211654	618	0	-3	30233	3	8765
1231708	29337	209450	619	0	-3	30333	3	8794
1233428	29335	207254	621	0	-3	30433	3	8823
1235180	29333	205072	623	0	-3	30533	3	8852
1236972	29330	202910	626	0	-3	30633	3	8881
1238815	29360	200780	630	0	3	30733	3	8910
1240723	29350	198695	634	0	0	30831	3	8938
1242688	29350	196652	638	0	0	30929	3	8966
1244716	29350	194658	643	0	0	31027	3	8995
1246816	29350	192728	649	0	0	31125	3	9023
1248998	29350	190878	656	0	0	31223	3	9052
1251264	29350	189117	663	0	0	31321	3	9080
1253606	29350	187443	669	0	0	31419	3	9108
1256006	29350	185836	673	0	0	31517	3	9137
1258456	29350	184292	678	0	0	31615	3	9165
1260965	29350	182827	684	0	0	31713	3	9194
1263538	29350	181460	691	0	0	31811	3	9222
1266168	29350	180184	697	0	0	31910	3	9251
1268848	29350	178993	701	0	0	32009	3	9279
1271564	29350	177865	706	0	0	32108	3	9308
1274326	29350	176826	711	0	0	32207	3	9337
1277129	29350	175879	717	0	0	32306	3	9366
1279969	29350	175015	722	0	0	32411	3	9396
1282841	29350	174228	726	0	0	32516	3	9426
1285738	29350	173491	729	0	0	32621	3	9457
1288658	29350	172814	732	0	0	32726	3	9487
1291601	29350	172198	736	0	0	32836	3	9519
1294568	29350	171653	740	0	0	32944	3	9551
1297556	29350	171170	743	0	0	33052	3	9582
1300561	29350	170732	745	0	0	33160	3	9613
1303582	29350	170339	748	0	0	33268	3	9644
1306621	29350	170000	751	0	0	33376	3	9676
1309675	29350	169726	755	0	0	33484	3	9707
1312745	29350	169526	759	0	0	33592	3	9738
1315829	29350	169410	764	0	0	33703	3	9771
1318925	29350	169389	769	0	0	33814	3	9803
1322031	29350	169474	774	0	0	33923	3	9834
1325142	29350	169654	779	0	0	34032	3	9866
1328254	29350	169940	786	0	0	34144	3	9898
1331362	29350	170361	793	0	0	34256	3	9931
1334462	29350	170908	799	0	0	34368	3	9963
1337550	29350	171560	804	0	0	34480	3	9996
1340625	29350	172319	810	0	0	34595	3	10029
1343681	29350	173194	816	0	0	34710	3	10063
1346709	29350	174193	823	0	0	34825	3	10096
1349704	29350	175316	829	0	0	34938	3	10129
1352651	29350	176546	835	0	0	34884	4	10089
1355542	29350	177890	842	0	0	34830	4	10049
1358368	29350	179356	849	0	0	34776	4	10009
1361137	29350	180913	853	0	0	34695	4	9969
1363858	29350	182567	859	0	0	34786	4	8651
1366522	29350	184323	866	0	0	34861	4	8670
1369129	29350	186171	870	0	0	34904	4	8688
1371693	29350	188085	874	0	0	34945	4	8699
1374195	29350	190088	881	0	0	35018	4	8709
1376632	29350	192177	885	0	0	35061	4	8727
1379019	29350	194328	889	0	0	35102	4	8738
1381356	29350	196539	893	0	0	35139	4	8748
1383641	29350	198811	897	0	0	35182	4	8757
1385851	29350	201162	904	0	0	35255	4	8768
1387963	29350	203611	911	0	0	35328	4	8786
1389994	29350	206133	915	0	0	35371	4	8804
1391964	29350	208707	919	0	0	35410	4	8815
1393873	29350	211332	923	0	0	35447	4	8825
1395719	29350	214007	927	0	0	35490	4	8834
1397477	29350	216747	934	0	0	35563	4	8845
1399119	29350	219566	941	0	0	35636	4	8863
1400667	29350	222443	945	0	0	35679	4	8881
1402145	29350	225361	949	0	0	35718	4	8892
1403526	29350	228331	956	0	0	35791	4	8901
1404790	29350	231361	962	0	0	35864	4	8920
1405954	29350	234439	967	0	0	35935	4	8937
1407035	29350	237554	971	0	0	36006	4	8955
1408051	29350	240698	975	0	0	36077	4	8973
1408981	29350	243875	979	0	0	36148	4	8990
1409835	29350	247080	983	0	0	36219	4	9008
1410601	29350	250313	988	0	0	36290	4	9025
1411269	29350	253575	993	0	0	36361	4	9043
1411827	29350	256863	999	0	0	36432	4	9061
1412275	29350	260175	1004	0	0	36503	4	9078
1412632	29350	263505	1008	0	0	36574	4	9096
1412918	29350	266849	1011	0	0	36645	4	9114
1413153	29350	270204	1014	0	0	36716	4	9131
1413358	29350	273568	1014	0	0	36787	4	9149
1413564	29350	276938	1014	0	0	36858	4	9167
1413779	29350	280314	1013	0	0	36929	4	9184
1414015	29350	283695	1012	0	0	36998	4	9202
1414263	29350	287081	1012	0	0	37067	4	9219
1414512	29350	290474	1012	0	0	37139	4	9237
1414750	29350	293874	1013	0	0	37211	4	9255
1414968	29350	297282	1014	0	0	37283	4	9272
1415155	29350	300698	1016	0	0	37355	4	9290
1415300	29350	304122	1018	0	0	37427	4	9308
1415393	29350	307543	1021	0	0	37367	5	9268
1415423	29350	310960	0	0	0	37307	5	9228
1415412	30086	314374	1	60	0	37247	5	9188
1415400	31337	317592	0	57	5	36994	5	9148
1415408	32456	320754	1023	56	6	36744	5	9108
1415425	33537	323923	1023	55	6	36744	5	9068
1415442	34581	327099	1023	54	6	36744	5	7564
1415459	35587	330281	1023	52	6	36744	5	7699
1415476	36536	333476	1023	51	6	36744	5	7833
1415493	37447	336678	1023	49	6	36744	5	7968
1415510	38302	339892	1023	47	6	36744	5	8102
1415527	39098	343118	1023	45	6	36744	5	8235
1415544	39837	346356	1023	42	6	36744	5	8369
1415561	40498	349610	1023	39	6	36744	5	8503
1415579	41081	352880	1023	36	6	36744	5	8637
1415597	41585	356164	1023	33	6	36744	5	8770
1415615	42011	359461	1023	29	6	36744	5	8904
1415633	42338	362773	1023	25	6	36744	5	9038
1415651	42565	366099	1023	21	6	36744	5	9171
1415669	42692	369437	1023	16	6	36744	5	9305
1415687	42699	372786	1023	11	6	36744	5	9439
1415705	42585	376144	1023	6	6	36744	5	9573
1415723	42349	379507	1023	0	6	36744	5	9707
1415741	41973	382873	1023	-6	6	36744	5	9842
1415759	41454	386236	1023	-12	6	36744	5	9977
1415777	40793	389592	1023	-18	6	36744	5	10112
1415795	39990	392937	1023	-25	6	36744	5	10248
1415813	39026	396263	1023	-31	6	36744	5	10384
1415831	37922	399568	1023	-38	6	36744	5	10520
1415849	36658	402842	1023	-45	6	36744	5	10657
1415761	35471	406096	8	-33	-32	36744	5	10794
1415387	34655	409404	7	-32	-103	36744	5	10933
1415030	33771	413534	10	-29	-147	45335	5	9191
1414684	33049	417685	5	-27	-144	45382	5	9200
1414462	32450	421796	13	-18	-141	45427	5	9210
1414120	32013	425926	10	-18	-136	45471	5	9218
1413832	31610	430066	8	-15	-122	45513	5	9227
1413615	31283	434219	9	-10	-114	45555	5	9235
1413390	31048	438383	8	-7	-110	45595	5	9244
1413211	30872	442557	6	-5	-108	45633	5	9251
1413067	30757	446736	4	-3	-101	45669	5	9259
1412993	30699	450920	1	0	-101	45704	5	9266
1412996	30719	455110	1022	2	-101	45739	5	9273
1413076	30784	459300	1020	3	-100	45772	5	9279
1413196	30863	463491	1018	3	-100	45804	5	9286
1413353	30934	467684	1018	4	-103	45826	5	9292
1413474	31013	471878	1019	3	-106	45826	5	9427
1413576	31042	476138	1020	2	-108	46535	5	9434
1413678	31027	480399	1020	0	-110	46535	5	9570
1413780	30943	484660	1020	-2	-112	46535	5	9706
1413882	30787	488921	1020	-4	-114	46535	5	9841
1413958	30561	493181	1021	-6	-116	46535	5	9977
1414011	30255	497689	1022	-9	-118	49247	5	9984
1413997	29990	502228	1023	-6	-98	49285	5	9992
1413995	29768	506743	0	-4	-84	49325	5	10000
1413994	29639	511264	0	-4	-60	49363	5	10008
1413992	29501	515789	0	-4	-34	49401	5	10015
1413963	29510	520356	1	0	-31	49439	5	10023
1413961	29499	524891	0	0	-30	49477	5	10031
1413959	29479	529429	0	0	-27	49512	5	10038
1413958	29450	533970	0	0	-23	49547	5	10045
1413952	29476	538515	1	2	-17	49582	5	10052
1413934	29497	543060	0	3	-15	49617	5	10059
1413946	29528	547607	1023	4	-13	49652	5	10066
1413984	29569	552156	1022	4	-11	49686	5	10073
1414050	29592	556708	1021	4	-8	49719	5	10080
1414158	29597	561261	1019	4	-6	49752	5	10086
1414322	29584	565816	1017	4	-4	49785	5	10093
1414527	29585	570372	1016	0	-7	49818	5	10100
1414748	29471	574933	1016	-4	-10	49851	5	10106
1414969	29391	579497	1016	0	-6	49886	5	10114
1415176	29375	584065	1017	0	-4	49926	5	10122
1415355	29359	588639	1018	0	-2	49964	5	10129
1415506	29357	593216	1020	0	-2	50002	5	10137
1415601	29355	597799	1021	0	-2	50040	5	10145
1415654	29353	602386	1023	0	-2	50078	5	10152
1415651	29351	606977	1	0	-2	50116	5	10160
1415591	29349	611571	3	0	-2	50154	5	10168
1415475	29347	616166	6	0	-2	50192	5	10176
1415260	29344	620761	10	0	-2	50227	5	10183
1414933	29341	625353	13	0	-2	50262	5	10190
1414520	29338	629942	16	0	-2	50297	5	10197
1414022	29335	634525	20	0	-2	50332	5	10204
1413397	29332	639096	25	0	-2	50367	5	10211
1412632	29329	643649	30	0	-2	50402	5	10218
1411727	29326	648179	35	0	-2	50437	5	10225
1410697	29324	652685	39	0	-2	50458	5	10232
1409556	29338	657167	43	0	0	50477	5	10237
1408306	29338	661621	46	0	0	50494	5	10240
1406973	29338	666053	49	0	0	50513	5	10244
1405558	29338	670461	53	0	0	50530	5	10248
1404011	29448	674816	59	10	-18	50545	5	10252
1402321	29732	679130	62	7	-22	50558	5	10255
1400565	29889	683394	66	6	-23	50368	5	10256
1398715	29999	687593	69	4	-23	50110	5	10218
1396810	30036	691742	71	3	-23	49854	5	10166
1394864	30027	695847	74	0	-23	49603	5	10114
1392853	29917	699896	77	-2	-23	49351	5	10063
1390799	29734	703845	80	-4	-23	48587	5	10012
1388699	29511	707703	83	-4	-18	47837	5	9858
1386547	29386	711457	86	-3	-8	47100	5	9706
1384361	29330	715120	89	-3	-6	46373	5	9557
1382152	29265	718672	92	0	-2	45654	5	9409
1379913	29248	722129	95	0	0	44946	5	9263
1377648	29244	725491	98	0	0	44243	5	9119
1375358	29292	728759	101	0	3	43545	5	8976
1373043	29285	731933	104	0	2	42867	5	8835
1370713	29283	735007	107	0	2	42093	4	8795
1368379	29271	737991	109	0	2	41337	4	8755
1366032	29242	740879	113	0	2	40618	4	8715
1363675	29228	743674	115	0	0	39896	4	8675
1361310	29244	746378	119	0	3	39207	4	8635
1358936	29258	748991	121	0	0	38529	4	8595
1356580	29258	751555	121	0	0	37993	4	9599
1354263	29247	754091	120	0	0	37477	4	9468
1351993	29247	756606	119	0	0	36967	4	9340
1349777	29247	759107	117	0	0	36461	4	9212
1347622	29247	761600	115	0	0	35962	4	9086
1345534	29247	764091	113	0	0	35470	4	8962
1343506	29279	766574	110	3	0	34988	4	8840
1341542	29321	769051	108	3	0	34496	4	8720
1339637	29344	771516	106	2	0	34011	4	8597
1337788	29329	773969	104	0	0	33530	4	8477
1335996	29263	776412	102	0	0	33057	4	8358
1334259	29220	778841	100	2	0	32588	4	8240
1332583	29244	781260	98	0	0	32124	4	8124
1330961	29244	783665	96	0	0	31662	4	8008
1329393	29276	786056	94	3	0	31207	4	7894
1327874	29311	788429	92	3	0	30755	4	7781
1326415	29328	790790	89	2	0	30305	4	7668
1325020	29313	793142	86	0	0	29859	4	7557
1323689	29250	795486	83	0	0	29417	4	7446
1322421	29241	797818	80	0	0	28980	4	7337
1321214	29241	800138	77	0	0	28543	4	7228
1320075	29273	802449	74	3	0	28113	4	7120
1318995	29303	804741	71	3	0	27686	4	7013
1317973	29315	807018	68	2	0	27258	4	6906
1317008	29368	809266	65	5	-10	26836	4	6800
1316044	29860	811391	70	44	-20	26632	4	6695
1315097	30684	813450	70	62	-22	26498	4	6645
1314202	31672	815467	67	71	-25	26485	4	6606
1313368	32694	817489	62	73	-27	26459	4	6600
1312611	33748	819530	57	74	-25	26426	4	6593
1311919	34833	821573	52	77	-19	26386	4	6585
1311299	35934	823625	46	78	-16	26341	4	6574
1310765	37035	825690	40	78	-13	26291	4	6563
1310261	38131	827751	33	76	-12	26219	4	6550
1309754	39160	829828	30	75	-11	26139	4	6533
1309285	40158	831921	27	73	-10	26139	4	6670
1308852	41111	834035	23	71	-8	26139	4	6839
1308469	42021	836170	20	69	-6	26139	4	7009
1308124	42887	838325	16	66	-4	26139	4	7178
1307831	43696	840504	13	63	-3	26139	4	7347
1307577	44446	842705	10	60	-2	26139	4	7516
1307362	45138	844926	7	56	0	26139	4	7685
1307188	45759	847170	4	52	0	26139	4	7854
1307055	46306	849436	1	48	0	26139	4	8024
1306963	46779	851722	1022	44	0	26139	4	8194
1306914	47178	854026	1019	39	0	26139	4	8364
1306908	47488	856349	1016	34	0	26139	4	8535
1306944	47708	858688	1013	29	0	26139	4	8705
1307025	47838	861039	1010	23	0	26139	4	8877
1307151	47863	863403	1007	17	0	26139	4	9048
1307321	47783	865774	1004	11	0	26139	4	9221
1307536	47597	868150	1001	4	0	26139	4	9394
1307795	47290	870526	998	-3	0	26139	4	9568
1308097	46862	872897	995	-10	0	26139	4	9742
1308443	46314	875258	992	-17	0	26139	4	9917
1308831	45645	877604	989	-24	0	26139	4	10093
1309260	44856	879929	986	-31	0	26139	4	10270
1309728	43948	882230	983	-39	0	26139	4	10448
1310231	42907	884497	980	-47	0	26139	4	10625
1310767	41735	886724	977	-55	0	26139	4	10805
1311334	40433	888907	974	-63	0	26139	4	10985
1311928	39004	891040	971	-71	0	26139	4	11165
1312547	37449	893116	968	-79	0	26139	4	11057
1313186	35771	895131	964	-87	-2	26139	4	10950
1313853	33970	897076	961	-95	-4	26139	4	11135
1314533	32051	898950	957	-103	-6	26139	4	11031
1315258	30480	900815	954	-74	-6	26139	4	10928
1316125	29713	902932	953	-4	-4	26139	4	11118
1317492	29704	905875	953	-12	0	35441	4	8809
1318875	29670	908826	952	-5	0	35496	4	8828
1320284	29549	911760	950	-5	0	35575	4	8848
1321732	29476	914684	948	-11	0	35650	4	8866
1323226	29357	917588	945	0	0	35725	4	8885
1324779	29357	920475	942	0	0	35803	4	8904
1326397	29357	923333	939	0	0	35876	4	8923
1328071	29357	926167	936	0	0	35947	4	8940
1329809	29357	928970	932	0	0	36018	4	8958
1331610	29357	931740	928	0	0	36089	4	8975
1333482	29357	934470	925	0	0	36160	4	8993
1335416	29357	937165	921	0	0	36231	4	9011
1337420	29357	939816	917	0	0	36302	4	9028
1339501	29357	942416	912	0	0	36373	4	9046
1341664	29357	944956	907	0	0	36444	4	9064
1343916	29357	947426	901	0	0	36515	4	9081
1346262	29357	949816	895	0	0	36586	4	9099
1348693	29357	952131	890	0	0	36657	4	9117
1351192	29357	954381	886	0	0	36728	4	9134
1353743	29357	956582	883	0	0	36799	4	9152
1356333	29357	958747	880	0	0	36870	4	9170
1358961	29357	960877	878	0	0	36939	4	9187
1361608	29357	962995	878	0	0	37008	4	9204
1364260	29357	965117	878	0	0	37077	4	9221
1366917	29357	967243	878	0	0	37149	4	9239
1369579	29357	969373	878	0	0	37221	4	9257
1372246	29357	971507	878	0	0	37293	4	9275
1374925	29351	973637	877	0	0	37365	4	9293
1377611	29331	975746	876	0	0	37291	4	9311
1380300	29304	977818	874	0	0	37072	4	9292
1382977	29304	979829	872	0	0	36564	4	9238
1385647	29298	981771	870	0	0	36065	4	9112
1388298	29278	983663	868	0	0	35572	4	8987
1390926	29252	985513	868	0	-3	35089	4	8865
1393517	29259	987337	868	2	0	34613	4	8745
1396078	29285	989129	867	0	0	34146	4	8627
1398616	29285	990882	866	0	0	33686	4	8511
1401136	29301	992588	864	0	-3	33235	4	8397
1403661	29315	994252	863	0	0	33051	4	8285
1406198	29315	995892	861	0	0	32998	4	8239
1408761	29315	997504	859	0	0	33074	4	8226
1411355	29315	999080	856	0	0	33150	4	8245
1413983	29315	1000611	853	0	0	33226	4	8263
1416641	29315	1002105	851	0	0	33302	4	8282
1419327	29315	1003561	848	0	0	33378	4	8301
1422046	29315	1004971	845	0	0	33454	4	8320
1424801	29315	1006325	841	0	0	33530	4	8339
1427595	29315	1007615	837	0	0	33606	4	8358
1430429	29315	1008829	832	0	0	33682	4	8377
1433306	29315	1009958	827	0	0	33758	4	8396
1436226	29315	1010992	821	0	0	33834	4	8415
1439186	29315	1011929	816	0	0	33909	4	8433
1442178	29315	1012786	812	0	0	33984	4	8452
1445195	29315	1013580	809	0	0	34059	4	8471
1448229	29315	1014329	807	0	0	34134	4	8489
1451277	29315	1015051	806	0	0	34209	4	8508
1454333	29315	1015776	806	0	0	34284	4	8527
1457395	29315	1016502	806	0	0	34359	4	8545
1460464	29315	1017230	806	0	0	34434	4	8564
1463540	29315	1017959	806	0	0	34509	4	8583
1466623	29315	1018690	806	0	0	34584	4	8601
1469715	29315	1019413	805	0	0	34659	4	8620
1472817	29315	1020118	804	0	0	34734	4	8638
1475931	29315	1020795	802	0	0	34809	4	8657
1479060	29315	1021436	800	0	0	34884	4	8676
1482206	29315	1022030	798	0	0	34957	4	8694
1485365	29309	1022586	796	0	0	35030	4	8712
1488527	29326	1023093	793	0	-8	34966	4	8730
1491687	29310	1023540	790	0	-8	34857	4	8714
1494846	29310	1023917	786	0	-8	34749	4	8687
1498003	29310	1024215	782	0	-8	34643	4	8661
1501153	29304	1024455	779	0	-7	34516	4	8635
1504287	29290	1024635	776	0	-5	34293	4	8603
1507379	29271	1024756	774	0	-4	33799	4	8547
1510451	29241	1024848	772	0	-4	33572	4	8425
1513512	29193	1024902	771	0	-4	33437	4	8368
1516574	29127	1024956	771	-2	-4	33437	3	8328
1519636	29004	1025010	771	-4	-4	33437	3	8288
1522697	28825	1025064	771	-6	-4	33437	3	8248
1525757	28591	1025118	771	-8	-4	33437	3	8208
1528815	28301	1025172	771	-11	-4	33437	3	9850
1531870	27937	1025226	771	-14	-4	33437	3	10060
1534921	27499	1025280	771	-17	-4	33437	3	10270
1537966	26986	1025334	771	-20	-4	33437	3	10481
1541005	26400	1025387	771	-23	-4	33437	3	10691
1544036	25739	1025440	771	-27	-4	33437	3	10901
1547056	24986	1025493	771	-31	-4	33437	3	11111
1550063	24141	1025546	771	-36	-4	33437	3	10983
1553050	23186	1025598	771	-41	-4	33437	3	11196
1556015	22122	1025650	771	-46	-4	33437	3	11070
1558956	20949	1025702	771	-51	-4	33437	3	10945
1561869	19668	1025753	771	-56	-4	33437	3	11161
1564752	18280	1025804	771	-61	-4	33437	3	11038
1567602	16786	1025854	771	-67	-4	33437	3	10916
1570409	15171	1025903	771	-72	-4	33437	3	11136
1573177	13451	1025952	771	-78	-4	33437	3	11016
1575895	11612	1026000	771	-84	-4	33437	3	10898
1578559	9656	1026047	771	-90	-4	33437	3	11120
1581165	7585	1026093	771	-96	-4	33437	3	11005
1583710	5401	1026137	771	-102	-4	33437	3	10890
1586191	3106	1026180	771	-108	-4	33437	3	11117
1588827	1405	1026227	771	-52	-2	33437	3	11004
1591865	876	1026300	772	-4	0	33245	3	10893
1594869	782	1026398	774	-4	0	32843	3	9677
1597837	814	1026532	776	-6	0	32422	3	9553
1600760	686	1026700	778	-6	0	32003	3	9432
1603645	628	1026919	782	-10	0	31610	3	9309
1606486	487	1027178	783	-6	0	31219	3	9194
1609297	435	1027426	782	-2	0	30833	3	9080
1612076	416	1027646	781	0	0	30451	3	8968
1614823	416	1027839	779	0	0	30075	3	8857
1617538	416	1027988	776	0	0	29704	3	8748
1620223	448	1028085	773	3	0	29339	3	8640
1622875	476	1028123	769	3	0	28981	3	8535
1625493	512	1028113	767	2	0	28604	3	8431
1628076	513	1028072	765	0	0	28230	3	8322
1630651	670	1027984	762	15	-25	27890	3	8213
1633178	890	1027842	758	15	-25	27775	3	8115
1635688	1101	1027631	753	15	-26	27655	3	8080
1638186	1293	1027343	748	15	-27	27608	3	8045
1640676	1462	1027010	746	14	-28	27558	3	8032
1643158	1596	1026655	745	12	-29	27494	3	8017
1645644	1678	1026299	745	10	-30	27494	3	8181
1648132	1711	1025943	745	8	-31	27494	3	8391
1650621	1695	1025586	745	5	-32	27494	3	8601
1653112	1615	1025229	745	2	-33	27494	3	8812
1655604	1470	1024872	745	0	-34	27494	3	9022
1658413	1281	1024453	743	-3	-35	31016	3	9051
1661208	1024	1023983	740	-6	-36	30952	3	9020
1663996	820	1023501	739	-4	-16	30891	3	9002
1666823	738	1023013	740	-2	-18	30831	3	8985
1669601	688	1022546	741	0	-17	30771	3	8967
1672382	650	1022104	743	0	-16	30751	3	8950
1675177	618	1021704	746	0	-11	30849	3	8943
1677989	608	1021365	750	0	-10	30947	3	8972
1680817	594	1021092	754	0	-8	31045	3	9000
1683661	571	1020897	758	0	-5	31143	3	9028
1686518	542	1020780	764	0	0	31241	3	9057
1689388	542	1020752	768	0	0	31339	3	9085
1692268	542	1020787	771	0	0	31437	3	9114
1695155	542	1020856	772	0	0	31535	3	9142
1698052	542	1020908	771	0	0	31633	3	9170
1700958	542	1020942	770	0	0	31731	3	9199
1703874	542	1020958	769	0	0	31829	3	9227
1706800	542	1020958	768	0	0	31928	3	9256
1709735	542	1020958	768	0	0	32027	3	9285
1712679	542	1020958	768	0	0	32126	3	9313
1715632	542	1020958	768	0	0	32225	3	9342
1718595	542	1020958	768	0	0	32324	3	9371
1721567	542	1020958	768	0	0	32429	3	9401
1724549	542	1020958	768	0	0	32534	3	9432
1727540	542	1020958	768	0	0	32639	3	9462
1730541	542	1020958	768	0	0	32744	3	9493
1733552	542	1020958	768	0	0	32854	3	9524
1736573	542	1020958	768	0	0	32962	3	9556
1739604	542	1020958	768	0	0	33070	3	9587
1742645	542	1020958	768	0	0	33178	3	9618
1745696	542	1020958	768	0	0	33286	3	9650
1748757	542	1020958	768	0	0	33394	3	9681
1751828	542	1020958	768	0	0	33502	3	9712
1754908	542	1020958	768	0	0	33610	3	9744
1757999	542	1020958	768	0	0	33721	3	9776
1761100	542	1020958	768	0	0	33832	3	9808
1764211	542	1020958	768	0	0	33941	3	9840
1767332	542	1020958	768	0	0	34050	3	9871
1770463	542	1020958	768	0	0	34162	3	9904
1773604	542	1020958	768	0	0	34274	3	9936
1776756	542	1020958	768	0	0	34386	3	9969
1779918	542	1020958	768	0	0	34498	3	10001
1783090	542	1020958	768	0	0	34613	3	10034
1786273	542	1020958	768	0	0	34728	3	10068
1789466	542	1020958	768	0	0	34843	3	10101
1792670	542	1020958	768	0	0	34956	3	10134
1795884	542	1020958	768	0	0	35072	3	10167
1799109	542	1020958	768	0	0	35188	3	10201
1802345	542	1020958	768	0	0	35304	3	10235
1805539	542	1020958	768	0	0	34850	3	10103
1808691	542	1020958	768	0	0	34396	3	9971
1811802	542	1020958	768	0	0	33945	3	9841
1814872	542	1020958	768	0	0	33494	3	9710
1817901	542	1020958	768	0	0	33046	3	9580
1820889	542	1020958	768	0	0	32598	3	9450
1823836	542	1020958	768	0	0	32153	3	9321
1826742	542	1020958	768	0	0	31708	3	9192
1829608	542	1020958	768	0	0	31266	3	9064
1832433	542	1020958	768	0	0	30824	3	8936
1835218	542	1020958	768	0	0	30382	3	8808
1837962	542	1020958	768	0	0	29943	3	8680
1840666	542	1020958	768	0	0	29504	3	8553
1843330	542	1020958	768	0	0	29068	3	8427
1845954	542	1020958	768	0	0	28632	3	8300
1848538	542	1020958	768	0	0	28198	3	8175
1851083	542	1020958	768	0	0	27764	3	8049
1853588	542	1020958	768	0	0	27330	3	7923
1856053	542	1020958	768	0	0	26899	3	7798
1858479	542	1020958	768	0	0	26468	3	7673
