936832	1144576
936878	1144576
936925	1144576
936988	1144576
937067	1144576
937162	1144576
937273	1144576
937399	1144576
937541	1144576
937699	1144576
937873	1144576
938063	1144576
938269	1144576
938491	1144576
938728	1144576
938981	1144576
939250	1144576
939535	1144576
939836	1144576
940153	1144576
940486	1144576
940834	1144576
941198	1144576
941578	1144576
941974	1144576
942386	1144576
942814	1144576
943258	1144576
943717	1144576
944192	1144576
944683	1144576
945184	1144576
945696	1144576
946219	1144576
946753	1144576
947298	1144576
947854	1144576
948421	1144576
948999	1144576
949589	1144576
950191	1144576
950805	1144576
951432	1144576
952072	1144576
952726	1144576
953393	1144580
954075	1144592
954774	1144595
955490	1144595
956224	1144595
956975	1144595
957743	1144595
958529	1144595
959333	1144595
960155	1144595
960995	1144595
961853	1144595
962730	1144595
963625	1144595
964539	1144595
965472	1144595
966423	1144595
967392	1144595
968379	1144595
969382	1144595
970402	1144595
971437	1144601
972487	1144616
973551	1144644
974630	1144681
975723	1144716
976831	1144742
977953	1144761
979087	1144773
980235	1144779
981383	1144779
982529	1144779
983674	1144779
984818	1144779
985960	1144779
987101	1144779
988251	1144779
989413	1144779
990587	1144779
991773	1144779
992970	1144779
994178	1144786
995397	1144804
996627	1144833
997870	1144873
999125	1144913
1000393	1144943
1001673	1144965
1002965	1144979
1004271	1144986
1005590	1144986
1006922	1144986
1008266	1144986
1009623	1144986
1010991	1144986
1012371	1144986
1013763	1144986
1015167	1144986
1016582	1144986
1018009	1144986
1019446	1144995
1020892	1145016
1022348	1145049
1023814	1145106
1025291	1145172
1026779	1145225
1028279	1145270
1029789	1145306
1031309	1145333
1032839	1145350
1034380	1145358
1035931	1145358
1037491	1145358
1039061	1145358
1040640	1145358
1042228	1145358
1043826	1145358
1045432	1145363
1047030	1145381
1048582	1145413
1050120	1145430
1051650	1145437
1053170	1145435
1054691	1145435
1056219	1145435
1057734	1145435
1059245	1145435
1060739	1145435
1062228	1145440
1063710	1145458
1065196	1145489
1066690	1145534
1068192	1145603
1069698	1145690
1071210	1145781
1072727	1145872
1074248	1145968
1075774	1146069
1077305	1146185
1078839	1146325
1080380	1146491
1081921	1146691
1083464	1146925
1085004	1147203
1086545	1147510
1088087	1147836
1089632	1148172
1091183	1148508
1092739	1148845
1094304	1149179
1095878	1149499
1097459	1149805
1099048	1150109
1100642	1150414
1102241	1150720
1103846	1151027
1105456	1151335
1107072	1151644
1108693	1151948
1110322	1152238
1111959	1152513
1113606	1152764
1115265	1152990
1116943	1153181
1118639	1153338
1120345	1153493
1122059	1153649
1123784	1153806
1125520	1153964
1127266	1154123
1129021	1154283
1130788	1154444
1132566	1154606
1134353	1154769
1136151	1154933
1137958	1155097
1139772	1155262
1141591	1155428
1143414	1155594
1145239	1155760
1147063	1155926
1148882	1156092
1150693	1156257
1152493	1156421
1154278	1156583
1156110	1156728
1158246	1156913
1160369	1157094
1162488	1157288
1164609	1157481
1166716	1157674
1168815	1157882
1170901	1158082
1172985	1158278
1175054	1158476
1177107	1158664
1179141	1158837
1181147	1158961
1183078	1158922
1184996	1158766
1186935	1158587
1188888	1158383
1190853	1158156
1192828	1157910
1194807	1157646
1196791	1157364
1198776	1157065
1200760	1156749
1202741	1156415
1204719	1156078
1206693	1155737
1208663	1155392
1210628	1155047
1212585	1154704
1214536	1154363
1216476	1154023
1218410	1153685
1220335	1153349
1222252	1153014
1224159	1152681
1226056	1152350
1227943	1152020
1229823	1151692
1231691	1151366
1233552	1151042
1235403	1150720
1237246	1150398
1239081	1150079
1240906	1149761
1242720	1149446
1244525	1149132
1246320	1148821
1248110	1148510
1249894	1148201
1251673	1147891
1253446	1147583
1255215	1147277
1256979	1146972
1258736	1146668
1260493	1146364
1262250	1146060
1264007	1145756
1265764	1145452
1267521	1145148
1269278	1144844
1271042	1144539
1272811	1144233
1274584	1143925
1276363	1143615
1278153	1143304
1279953	1142992
1281764	1142678
1283589	1142360
1285427	1142041
1287282	1141718
1289154	1141392
1291045	1141062
1292952	1140729
1294875	1140393
1296814	1140054
1298768	1139712
1300733	1139363
1302706	1139008
1304683	1138652
1306659	1138296
1308627	1137942
1310577	1137592
1312501	1137246
1314385	1136903
1316215	1136566
1317991	1136271
1320462	1136411
1322811	1137214
1325114	1137974
1327383	1138712
1329604	1139430
1331795	1140139
1333945	1140834
1336058	1141517
1338135	1142189
1340175	1142848
1342181	1143497
1344138	1144103
1346008	1144578
1347825	1144960
1349562	1145267
1351271	1145591
1352939	1145908
1354629	1145999
1356302	1146115
1357943	1146245
1359548	1146365
1361138	1146484
1362709	1146602
1364251	1146707
1365789	1146812
1367308	1146890
1368799	1146950
1370265	1146995
1371720	1147037
1373154	1147070
1374567	1147094
1375970	1147109
1377372	1147115
1378775	1147113
1380191	1147111
1381617	1147109
1383053	1147107
1384498	1147105
1385952	1147103
1387417	1147101
1388893	1147099
1390378	1147097
1391873	1147095
1393377	1147093
1394889	1147091
1396408	1147089
1397932	1147087
1399459	1147085
1400990	1147083
1402517	1147081
1404041	1147079
1405558	1147077
1407066	1147075
1408561	1147073
1410039	1147071
1411496	1147069
1412929	1147067
1414334	1147065
1415707	1147063
1417046	1147061
1418347	1147059
1419607	1147057
1420823	1147055
1421992	1147053
1423177	1147017
1424537	1146942
1426889	1146768
1429211	1146572
1431540	1146333
1433858	1146048
1436168	1145724
1438476	1145342
1440779	1144896
1443078	1144408
1445378	1143896
1447675	1143349
1449966	1142758
1452247	1142117
1454523	1141439
1456796	1140732
1459067	1140003
1461330	1139237
1463593	1138456
1465857	1137659
1468126	1136861
1470399	1136062
1472676	1135261
1474958	1134458
1477245	1133654
1479536	1132848
1481831	1132041
1484131	1131232
1486436	1130421
1488744	1129609
1491057	1128795
1493375	1127980
1495694	1127155
1498008	1126308
1500319	1125438
1502623	1124538
1504923	1123616
1507228	1122692
1509537	1121767
1511851	1120847
1514179	1119947
1516518	1119067
1518864	1118193
1521215	1117317
1523570	1116440
1525929	1115561
1528291	1114681
1530660	1113806
1533040	1112952
1535432	1112118
1537838	1111313
1540260	1110543
1542701	1109825
1545165	1109173
1547648	1108582
1550147	1108042
1552664	1107571
1555196	1107161
1557739	1106806
1560290	1106481
1562847	1106164
1565408	1105846
1567973	1105528
1570542	1105209
1573115	1104890
1575692	1104579
1578275	1104290
1580864	1104025
1583459	1103792
1586062	1103598
1588671	1103444
1591275	1103299
1593872	1103154
1596461	1103001
1599014	1102826
1601530	1102631
1604010	1102408
1606452	1102151
1608854	1101845
1611215	1101478
1613533	1101059
1615805	1100583
1618031	1100052
1620206	1099455
1622352	1098780
1624471	1098041
1626572	1097265
1628670	1096461
1630760	1095623
1632840	1094751
1634905	1093833
1636951	1092862
1638981	1091845
1640986	1090771
1642958	1089628
1644897	1088421
1646815	1087178
1648711	1085900
1650579	1084581
1652414	1083217
1654214	1081808
1655980	1080355
1657710	1078859
1659402	1077321
1661055	1075743
1662662	1074133
1664220	1072493
1665725	1070820
1667180	1069119
1668584	1067393
1669933	1065639
1671225	1063847
1672459	1062020
1673634	1060160
1674742	1058266
1675801	1056352
1676864	1054447
1677924	1052544
1678982	1050644
1680014	1048768
1681042	1046897
1682065	1045029
1683094	1043171
1684078	1041288
1685016	1039383
1685907	1037455
1686752	1035504
1687550	1033531
1688300	1031539
1689002	1029527
1689656	1027496
1690261	1025446
1690817	1023379
1691322	1021297
1691776	1019199
1692178	1017089
1692528	1014968
1692827	1012838
1693074	1010701
1693321	1008279
1693582	1005800
1693436	1003359
1693332	1000974
1693263	998585
1693203	996192
1693135	993795
1693061	991386
1693000	988987
1692954	986588
1692922	984187
1692905	981777
1692903	979378
1692901	976979
1692899	974582
1692897	972185
1692888	969788
1692856	967390
1692787	964991
1692689	962594
1692555	960198
1692369	957806
1692131	955418
1691850	953035
1691503	950660
1691106	948296
1690660	945951
1690172	943621
1689650	941338
1689095	939101
1688496	936887
1687846	934698
1687145	932535
1686395	930401
1685597	928296
1684745	926224
1683831	924182
1682869	922165
1681858	920173
1680804	918203
1679703	916260
1678561	914342
1677374	912454
1676142	910599
1674867	908777
1673544	906993
1672169	905253
1670745	903560
1669272	901915
1667752	900319
1666187	898773
1664580	897280
1662931	895839
1661245	894446
1659526	893095
1657783	891794
1656020	890535
1654234	889325
1652426	888164
1650599	887052
1648756	885984
1646896	884966
1645013	883996
1643109	883072
1641183	882202
1639234	881394
1637418	880695
1635611	880001
1633759	879279
1631890	878589
1630004	877932
1628102	877309
1626180	876718
1624239	876160
1622280	875636
1620304	875146
1618306	874691
1616289	874271
1614254	873887
1612200	873538
1610129	873225
1608041	872949
1605939	872711
1603823	872511
1601696	872350
1599560	872228
1597418	872145
1595274	872102
1593130	872098
1590991	872133
1588858	872207
1586740	872319
1584639	872468
1582561	872653
1580512	872873
1578494	873126
1576287	873436
1573366	873979
1570556	874526
1567747	875117
1564956	875767
1562167	876471
1559394	877217
1556634	878024
1553892	878899
1551166	879825
1548462	880818
1545780	881878
1543118	882987
1540470	884129
1537838	885303
1535220	886509
1532622	887764
1530054	889083
1527510	890449
1524989	891863
1522493	893324
1520017	894826
1517573	896380
1515165	897996
1512791	899665
1510451	901386
1508152	903165
1505886	904986
1503643	906835
1501432	908726
1499260	910666
1497111	912633
1494960	914604
1492808	916576
1490647	918542
1488467	920489
1486256	922405
1484019	924295
1481741	926137
1479422	927931
1477052	929663
1474640	931336
1472197	932964
1469725	934547
1467226	936084
1464700	937574
1462145	939008
1459557	940378
1456938	941683
1454290	942923
1451612	944088
1448903	945168
1446172	946179
1443439	947172
1440753	948162
1438111	949139
1435472	950134
1432837	951128
1430178	952075
1427496	952975
1424792	953828
1422068	954632
1419326	955386
1416562	956092
1413780	956748
1410980	957354
1408163	957910
1405334	958414
1402493	958866
1399645	959266
1396792	959613
1393938	959907
1391090	960148
1388251	960337
1385427	960474
1382610	960597
1379214	960451
1375865	960294
1372534	960107
1369254	959902
1366027	959701
1362847	959503
1359715	959309
1356633	959117
1353598	958929
1350779	958735
1348090	958521
1345453	958289
1342827	958016
1340210	957722
1337593	957428
1334980	957134
1332332	956838
1329676	956541
1327012	956243
1324332	955943
1321637	955642
1318919	955338
1316180	955032
1313421	954724
1310642	954414
1307845	954101
1305025	953786
1302183	953468
1299316	953148
1296432	952826
1293528	952502
1290607	952176
1287672	951848
1284724	951519
1281766	951189
1278802	950858
1275838	950527
1272879	950197
1269931	949868
1267001	949541
1264097	949217
1261226	948896
1258394	948580
1255609	948269
1252877	947964
1250205	947665
1247599	947374
1245065	947091
1242610	946816
1239999	946767
1236713	947310
1233433	947984
1230150	948689
1226862	949392
1223574	950105
1220285	950863
1217002	951581
1213703	952181
1210410	952799
1207121	953440
1203830	954065
1200529	954588
1197212	954996
1193885	955297
1190548	955543
1187202	955767
1183849	955917
1180494	956100
1177137	956248
1173778	956390
1170419	956532
1167060	956674
1163701	956816
1160342	956958
1156985	957100
1153633	957213
1150399	957187
1147061	957070
1143749	956880
1140366	956617
1136940	956285
1133502	955923
1130055	955560
1126591	955195
1123109	954828
1119611	954459
1116097	954089
1112567	953717
1109015	953343
1105443	952967
1101844	952588
1098222	952206
1094578	951822
1090914	951436
1087229	951048
1083526	950658
1079809	950266
1076081	949873
1072344	949479
1068604	949085
1064866	948691
1061138	948298
1057426	947907
1053737	947518
1050078	947132
1046457	946750
1042878	946373
1039356	946002
1035892	945637
1032501	945280
1029191	944931
1025971	944592
1022778	944312
1019251	944737
1015557	945353
1011853	945974
1008156	946479
1004433	946949
1000705	947340
996973	947639
993239	947846
989505	947962
985774	947985
982123	947915
978626	947775
975204	947586
971817	947400
968437	947216
965062	947035
961694	946856
958333	946702
954979	946552
951634	946407
948290	946264
944955	946125
941630	945990
938315	945860
935009	945734
931702	945633
928407	945537
925123	945447
921850	945363
918590	945285
915336	945210
912070	945051
908794	944826
905508	944535
902216	944178
898918	943755
895610	943262
892293	942699
888970	942067
885638	941362
882300	940585
878959	939736
875616	938816
872272	937823
868930	936759
865595	935626
862271	934425
858961	933156
855669	931823
852402	930429
849164	928977
845961	927472
842801	925920
839685	924324
836625	922696
833627	921044
830697	919374
827841	917694
825063	916012
822367	914337
819759	912679
817244	911046
814833	909434
812531	907854
810279	906195
808089	904501
806603	902278
805153	900109
803740	897995
802211	895803
800104	893009
797908	890116
795776	887279
793674	884487
791527	881806
789406	879172
787310	876586
785238	874014
783190	871438
781165	868843
779171	866223
777217	863573
775312	860887
773465	858160
771660	855406
769907	852620
768206	849803
766558	846957
764965	844084
763435	841179
761959	838248
760538	835292
759191	832304
757919	829287
756722	826243
755582	823179
754501	820099
753506	816994
752579	813872
751729	810731
750938	807578
750205	804414
749532	801240
748928	798057
748412	794861
747956	791659
747559	788451
748202	785228
749778	782196
750641	779096
751507	775995
752363	772889
753220	769780
754078	766668
754936	763554
755795	760438
756654	757321
757517	754206
758325	750890
758741	747513
758966	744115
759151	740707
759239	737294
759360	733886
759439	730477
759477	727070
759473	723666
759429	720267
759357	716875
759243	713484
759128	710096
759013	706712
758898	703333
758782	699961
758652	696584
758446	693034
758274	689491
758137	685952
758054	682403
757951	678858
757855	675341
757759	671835
757662	668339
757585	664851
757509	661374
757426	657910
757329	654460
757255	651023
757182	647600
757111	644190
757064	640795
757018	637415
756972	634031
756922	630660
756888	627336
756868	624049
756842	620800
756808	617590
756765	614421
756585	611257
756466	608123
756355	605018
756253	601985
756158	598988
755941	596004
755599	593035
755133	590086
754545	587160
753836	584265
753002	581404
752047	578580
750971	575799
749777	573067
748464	570387
747032	567765
745482	565205
743820	562712
742046	560292
740162	557949
738173	555689
736079	553515
733885	551431
731594	549440
729215	547547
726751	545756
724206	544071
721588	542495
718904	541029
716161	539675
713366	538436
710526	537311
707654	536299
704756	535399
701717	534600
698486	533694
695305	532851
692147	532034
689055	531238
686023	530459
683050	529699
680134	528956
677244	528227
674378	527512
671499	526859
668608	526271
665706	525749
662794	525295
659874	524910
656943	524597
654002	524356
651054	524184
648102	524089
645145	524067
642184	524117
639222	524242
636261	524440
633303	524712
630365	525016
627418	525351
624510	525609
621616	525749
618737	525852
615882	525918
613063	525972
610269	525975
607482	525965
604704	525967
603906	527221
602759	528961
601654	530673
600565	532357
599491	534019
598436	535652
597381	537266
596318	538868
595242	540469
594164	542052
592807	543354
591423	544689
590047	546025
588689	547369
587340	548696
586004	550010
584678	551315
583359	552613
582042	553916
580726	555227
579419	556554
578129	557905
576857	559279
575611	560683
574393	562116
573204	563579
572052	565078
570949	566619
569896	568201
568871	569803
567885	571430
566940	573081
566040	574757
565183	576454
564368	578170
563596	579904
562868	581656
562176	583424
561517	585205
560902	587002
560341	588786
559813	590541
559319	592281
558853	594007
558411	595734
557986	597461
557589	599195
557232	600928
556913	602670
556642	604422
556420	606184
556258	607955
556156	609733
556093	611508
556076	613294
556127	615073
556233	616850
556381	618628
556561	620407
556750	622187
556927	623971
557076	625760
557197	627554
557279	629353
557322	631156
557315	632962
557246	634770
557116	636578
556912	638387
556660	640190
556352	641983
555990	643765
555573	645533
555096	647288
554556	649022
553964	650736
553319	652432
552617	654106
551863	655761
551057	657398
550239	659040
549416	660693
548588	662356
547755	664028
546918	665709
546077	667399
545231	669099
544380	670808
543524	672527
542664	674254
541801	675988
540935	677727
540067	679470
539199	681215
538331	682959
537465	684698
536603	686429
535746	688150
534896	689857
534055	691547
533224	693216
532406	694858
531603	696470
530818	698047
530052	699585
529307	701081
528584	702531
527886	703932
527214	705280
526570	706572
525951	707812
525360	708999
524796	710129
524261	711201
523756	712213
523186	713301
522416	714757
521169	717103
520008	719364
518866	721643
517754	723929
516670	726228
515615	728539
514590	730859
513595	733190
512629	735532
511692	737885
510785	740246
509908	742616
509054	744992
508214	747372
507389	749757
506571	752146
505768	754541
504979	756942
504205	759349
503438	761758
502686	764171
501949	766588
501227	769008
500535	771436
499858	773867
499196	776301
498549	778738
497926	781179
497333	783626
496757	786009
496185	788328
495641	790602
495123	792865
494635	795121
494178	797372
493747	799618
493348	801866
492969	804116
492612	806367
492283	808619
491982	810872
491709	813124
491465	815375
491240	817623
491025	819868
490810	822110
490594	824350
490376	826588
490159	828810
489941	831029
489724	833231
489503	835438
489285	837639
489061	839855
488836	842068
488611	844277
488386	846484
488162	848688
487935	850888
487706	853090
487462	855298
487215	857514
486997	859744
486807	861992
486645	864257
486512	866538
486409	868834
486335	871147
486292	873477
486279	875820
486296	878175
486344	880544
486423	882923
486535	885309
486676	887701
486847	890096
487049	892493
487280	894884
487539	897266
487823	899635
488135	901985
488468	904314
488823	906616
489198	908882
489631	911370
490489	914088
491279	916730
492024	919401
492760	922066
493496	924734
494241	927401
495011	930062
495806	932720
496634	935370
497520	938004
498462	940617
499454	943218
500478	945806
501520	948348
502586	950837
503692	953295
504839	955723
506029	958129
507263	960511
508543	962856
509874	965159
511246	967434
512666	969663
514126	971850
515625	973994
517170	976090
518751	978142
520373	980144
522041	982103
523755	984018
525513	985888
527315	987713
529159	989491
531044	991221
532968	992901
534931	994531
536930	996111
538966	997640
541037	999118
543141	1000542
545277	1001912
547442	1003228
549636	1004488
551859	1005694
554108	1006843
556382	1007935
558679	1008969
560999	1009946
563340	1010865
565700	1011725
568078	1012526
570472	1013274
572879	1013971
575299	1014616
577730	1015216
580171	1015763
582623	1016257
585086	1016691
587558	1017087
590041	1017430
592532	1017752
595027	1018081
597523	1018434
600019	1018811
602514	1019219
605007	1019666
607493	1020167
609972	1020723
612440	1021340
614893	1022026
617325	1022796
619737	1023633
622128	1024529
624491	1025507
626827	1026550
629144	1027637
631442	1028767
633708	1029959
635943	1031207
638146	1032508
640315	1033863
642450	1035270
644549	1036728
646610	1038237
648632	1039795
650614	1041401
652549	1043060
654429	1044775
656261	1046540
658047	1048348
659787	1050199
661480	1052090
663117	1054025
664693	1056007
666212	1058031
667674	1060094
669070	1062199
670399	1064343
671660	1066524
672852	1068739
673974	1070987
675025	1073266
676012	1075573
676942	1077902
677806	1080253
678604	1082626
679344	1085018
680025	1087428
680647	1089854
681209	1092294
681711	1094747
682152	1097210
682532	1099682
682851	1102161
683109	1104647
683306	1107136
683441	1109630
683516	1112124
683530	1114619
683476	1117112
683359	1119599
683166	1122078
682897	1124546
682553	1127003
682141	1129449
681663	1131880
681111	1134292
680485	1136686
679794	1139061
679044	1141417
678237	1143754
677373	1146070
676452	1148365
675474	1150638
674447	1152890
673363	1155121
672203	1157317
670982	1159482
669721	1161626
668399	1163737
667023	1165819
665600	1167875
664130	1169903
662608	1171898
661029	1173853
659382	1175758
657682	1177617
655947	1179446
654179	1181243
652371	1183002
650522	1184716
648631	1186384
646700	1188005
644729	1189578
642721	1191102
640677	1192576
638597	1193999
636484	1195370
634338	1196689
632162	1197954
629955	1199166
627719	1200323
625455	1201425
623165	1202471
620851	1203460
618513	1204392
616155	1205274
613774	1206090
611373	1206848
608954	1207547
606555	1208176
604179	1208745
601822	1209241
599487	1209673
597178	1210064
594900	1210443
592656	1210817
590445	1211191
588269	1211580
586130	1211983
584029	1212412
581967	1212866
579946	1213357
577967	1213882
576034	1214452
574148	1215066
572314	1215731
570533	1216447
568811	1217219
567149	1218046
565542	1218902
563988	1219779
562489	1220680
561044	1221598
559656	1222534
558322	1223482
557044	1224444
555506	1224678
554338	1225657
552853	1225814
551799	1226807
550367	1227016
549058	1227317
548181	1228317
546928	1228540
545811	1228853
545111	1229842
543947	1230059
542949	1230377
542404	1231355
541316	1231532
540442	1231871
539618	1232229
538889	1232632
538152	1232997
537513	1233414
536859	1233781
536201	1234199
535581	1234621
535042	1235068
534487	1235489
533898	1235885
533378	1236304
532872	1236721
532319	1237112
531782	1237499
531264	1237884
530754	1238267
530246	1238649
529751	1239113
529212	1239554
528680	1239993
528274	1240467
527766	1240899
527337	1241362
526809	1241797
526304	1242240
525821	1242692
526144	1243785
526506	1244876
526880	1245968
526981	1246765
527260	1247875
527529	1248984
527796	1250088
528062	1251186
528326	1252275
528587	1253353
528845	1254419
529100	1255472
529351	1256510
529598	1257531
529840	1258532
530077	1259510
530308	1260464
530532	1261391
530749	1262290
530959	1263160
531162	1263999
531358	1264810
531546	1265587
531726	1266334
531899	1267049
532064	1267733
532221	1268383
532369	1268999
532509	1269580
532642	1270131
532767	1270652
532885	1271142
533088	1271912
533357	1272889
533668	1273970
534211	1275736
534783	1277438
535407	1279139
536069	1280812
536772	1282484
537518	1284129
538306	1285759
539139	1287368
540040	1288950
540977	1290516
541954	1292061
542997	1293572
544099	1295050
545256	1296496
546475	1297901
547742	1299273
549056	1300612
550409	1301924
551792	1303217
553196	1304497
554625	1305761
556068	1307021
557528	1308272
559013	1309506
560522	1310721
562052	1311923
563592	1313125
565141	1314326
566707	1315517
568290	1316698
569896	1317859
571526	1318999
573185	1320108
574874	1321184
576598	1322217
578355	1323204
580150	1324134
581981	1325006
583844	1325824
585740	1326581
587671	1327264
589629	1327890
591608	1328470
593603	1329014
595607	1329547
597621	1330077
599638	1330614
601659	1331159
603687	1331706
605721	1332254
607761	1332797
609812	1333323
611874	1333831
613949	1334309
616037	1334756
618136	1335179
620243	1335597
622356	1336016
624474	1336436
626588	1336848
628701	1337240
630813	1337611
632926	1337950
635040	1338255
637155	1338514
639272	1338727
641397	1338882
643531	1338986
645662	1339063
647789	1339107
649912	1339106
652031	1339065
654134	1338650
656091	1338207
658081	1337743
660042	1337273
662009	1336789
663984	1336304
665966	1335817
667955	1335329
669951	1334839
671953	1334347
673965	1333853
675988	1333356
678021	1332857
680060	1332356
682107	1331853
684161	1331349
686220	1330844
688284	1330337
690351	1329830
692419	1329322
694485	1328815
696547	1328309
698602	1327804
700645	1327302
702738	1326645
705300	1325673
707836	1324655
710342	1323557
712773	1322312
715200	1321046
717571	1319680
719898	1318247
722157	1316707
724339	1315067
726442	1313328
728480	1311510
730468	1309633
732434	1307735
734400	1305835
736366	1303935
738332	1302035
740297	1300136
742262	1298237
744225	1296340
746186	1294445
748144	1292553
750098	1290665
752046	1288782
753976	1286892
755868	1284981
757731	1283136
759504	1281454
761167	1279875
762767	1278356
764352	1276856
765904	1275387
767430	1273933
768913	1272513
770391	1271101
771846	1269710
773265	1268349
774660	1267016
776028	1265698
777363	1264387
778664	1263084
779920	1261785
781123	1260482
782292	1259191
783435	1257897
784537	1256607
785597	1255320
786615	1254036
787603	1252758
788572	1251472
789524	1250176
790459	1248870
791377	1247555
792307	1246229
793246	1244890
794193	1243539
795151	1242172
796119	1240791
797097	1239396
798084	1237988
799082	1236565
800090	1235128
801106	1233679
802132	1232217
803165	1230744
804205	1229261
805250	1227771
806299	1226276
807350	1224778
808401	1223280
809450	1221785
810494	1220296
811531	1218818
812558	1217354
813611	1215841
815047	1213713
816418	1211611
817788	1209499
819164	1207391
820560	1205294
821978	1203205
823422	1201135
824900	1199082
826424	1197061
827987	1195079
829569	1193136
831150	1191241
832734	1189400
834327	1187617
835924	1185891
837516	1184212
839107	1182585
840701	1181014
842298	1179499
843894	1178038
845493	1176636
847097	1175298
848697	1174014
850295	1172787
851892	1171622
853486	1170518
855087	1169457
856695	1168441
858299	1167455
859916	1166495
861543	1165555
863179	1164637
864823	1163741
866473	1162868
868127	1162019
869785	1161193
871444	1160392
873101	1159617
874754	1158867
876401	1158144
878037	1157450
879658	1156784
881262	1156148
882847	1155543
884410	1154967
885948	1154421
887458	1153905
889013	1153388
891226	1152725
893417	1152057
895666	1151387
897858	1150719
900083	1150048
902274	1149380
904499	1148719
906751	1148089
909015	1147483
911300	1146909
913599	1146385
915917	1145924
918347	1145516
920885	1145161
923448	1144889
926023	1144696
928604	1144559
931189	1144453
933779	1144372
936373	1144307
938969	1144258
941568	1144225
944171	1144207
946778	1144207
949388	1144207
952000	1144207
954578	1144207
957122	1144207
959631	1144207
962106	1144207
964547	1144207
966954	1144207
969327	1144207
971667	1144207
973974	1144207
976248	1144207
978489	1144207
980697	1144207
982872	1144207
985015	1144207
987125	1144207
989203	1144207
991249	1144207
993263	1144207
995245	1144207
